20.37 12.0
20.3 12.56
20.1 13.11
19.78 13.65
19.33 14.15
18.77 14.63
18.1 15.06
17.33 15.45
16.48 15.78
15.56 16.05
14.59 16.25
13.57 16.39
12.53 16.46
11.47 16.46
10.43 16.39
9.41 16.25
8.44 16.05
7.52 15.78
6.67 15.45
5.9 15.06
5.23 14.63
4.67 14.15
4.22 13.65
3.9 13.11
3.7 12.56
3.63 12.0
3.7 11.44
3.9 10.89
4.22 10.35
4.67 9.85
5.23 9.37
5.9 8.94
6.67 8.55
7.52 8.22
8.44 7.95
9.41 7.75
10.43 7.61
11.47 7.54
12.53 7.54
13.57 7.61
14.59 7.75
15.56 7.95
16.48 8.22
17.33 8.55
18.1 8.94
18.77 9.37
19.33 9.85
19.78 10.35
20.1 10.89
20.3 11.44
20.37 12.0
