46.37 12.0
46.3 12.56
46.1 13.11
45.78 13.65
45.33 14.15
44.77 14.63
44.1 15.06
43.33 15.45
42.48 15.78
41.56 16.05
40.59 16.25
39.57 16.39
38.53 16.46
37.47 16.46
36.43 16.39
35.41 16.25
34.44 16.05
33.52 15.78
32.67 15.45
31.9 15.06
31.23 14.63
30.67 14.15
30.22 13.65
29.9 13.11
29.7 12.56
29.63 12.0
29.7 11.44
29.9 10.89
30.22 10.35
30.67 9.85
31.23 9.37
31.9 8.94
32.67 8.55
33.52 8.22
34.44 7.95
35.41 7.75
36.43 7.61
37.47 7.54
38.53 7.54
39.57 7.61
40.59 7.75
41.56 7.95
42.48 8.22
43.33 8.55
44.1 8.94
44.77 9.37
45.33 9.85
45.78 10.35
46.1 10.89
46.3 11.44
46.37 12.0
