40.72 3.0
40.37 6.96
39.32 10.86
37.58 14.64
35.19 18.23
32.18 21.59
28.6 24.65
24.51 27.37
19.96 29.7
15.04 31.61
9.82 33.08
4.38 34.06
-1.19 34.56
-6.81 34.56
-12.38 34.06
-17.82 33.08
-23.04 31.61
-27.96 29.7
-32.51 27.37
-36.6 24.65
-40.18 21.59
-43.19 18.23
-45.58 14.64
-47.32 10.86
-48.37 6.96
-48.72 3.0
-48.37 -0.96
-47.32 -4.86
-45.58 -8.64
-43.19 -12.23
-40.18 -15.59
-36.6 -18.65
-32.51 -21.37
-27.96 -23.7
-23.04 -25.61
-17.82 -27.08
-12.38 -28.06
-6.81 -28.56
-1.19 -28.56
4.38 -28.06
9.82 -27.08
15.04 -25.61
19.96 -23.7
24.51 -21.37
28.6 -18.65
32.18 -15.59
35.19 -12.23
37.58 -8.64
39.32 -4.86
40.37 -0.96
40.72 3.0
