98.72 3.0
98.37 6.96
97.32 10.86
95.58 14.64
93.19 18.23
90.18 21.59
86.6 24.65
82.51 27.37
77.96 29.7
73.04 31.61
67.82 33.08
62.38 34.06
56.81 34.56
51.19 34.56
45.62 34.06
40.18 33.08
34.96 31.61
30.04 29.7
25.49 27.37
21.4 24.65
17.82 21.59
14.81 18.23
12.42 14.64
10.68 10.86
9.63 6.96
9.28 3.0
9.63 -0.96
10.68 -4.86
12.42 -8.64
14.81 -12.23
17.82 -15.59
21.4 -18.65
25.49 -21.37
30.04 -23.7
34.96 -25.61
40.18 -27.08
45.62 -28.06
51.19 -28.56
56.81 -28.56
62.38 -28.06
67.82 -27.08
73.04 -25.61
77.96 -23.7
82.51 -21.37
86.6 -18.65
90.18 -15.59
93.19 -12.23
95.58 -8.64
97.32 -4.86
98.37 -0.96
98.72 3.0
