85.62 3.0
85.37 5.8
84.63 8.56
83.4 11.23
81.71 13.77
79.58 16.14
77.05 18.31
74.16 20.23
70.94 21.88
67.46 23.23
63.77 24.27
59.93 24.96
55.99 25.32
52.01 25.32
48.07 24.96
44.23 24.27
40.54 23.23
37.06 21.88
33.84 20.23
30.95 18.31
28.42 16.14
26.29 13.77
24.6 11.23
23.37 8.56
22.63 5.8
22.38 3.0
22.63 0.2
23.37 -2.56
24.6 -5.23
26.29 -7.77
28.42 -10.14
30.95 -12.31
33.84 -14.23
37.06 -15.88
40.54 -17.23
44.23 -18.27
48.07 -18.96
52.01 -19.32
55.99 -19.32
59.93 -18.96
63.77 -18.27
67.46 -17.23
70.94 -15.88
74.16 -14.23
77.05 -12.31
79.58 -10.14
81.71 -7.77
83.4 -5.23
84.63 -2.56
85.37 0.2
85.62 3.0
