27.62 3.0
27.37 5.8
26.63 8.56
25.4 11.23
23.71 13.77
21.58 16.14
19.05 18.31
16.16 20.23
12.94 21.88
9.46 23.23
5.77 24.27
1.93 24.96
-2.01 25.32
-5.99 25.32
-9.93 24.96
-13.77 24.27
-17.46 23.23
-20.94 21.88
-24.16 20.23
-27.05 18.31
-29.58 16.14
-31.71 13.77
-33.4 11.23
-34.63 8.56
-35.37 5.8
-35.62 3.0
-35.37 0.2
-34.63 -2.56
-33.4 -5.23
-31.71 -7.77
-29.58 -10.14
-27.05 -12.31
-24.16 -14.23
-20.94 -15.88
-17.46 -17.23
-13.77 -18.27
-9.93 -18.96
-5.99 -19.32
-2.01 -19.32
1.93 -18.96
5.77 -18.27
9.46 -17.23
12.94 -15.88
16.16 -14.23
19.05 -12.31
21.58 -10.14
23.71 -7.77
25.4 -5.23
26.63 -2.56
27.37 0.2
27.62 3.0
