0.0 0.0 51.90878862665479
1.0 0.0 52.576323314962615
2.0 0.0 53.19330582008508
3.0 0.0 53.757764561677426
4.0 0.0 54.26788187810382
5.0 0.0 54.72200377363555
6.0 0.0 55.11864885068015
7.0 0.0 55.456516359554456
8.0 0.0 55.73449330459644
9.0 0.0 55.951660552291614
10.0 0.0 56.10729789450338
11.0 0.0 56.20088802777424
12.0 0.0 56.232119417928104
13.0 0.0 56.20088802777424
14.0 0.0 56.10729789450338
15.0 0.0 55.951660552291614
16.0 0.0 55.73449330459644
17.0 0.0 55.456516359554456
18.0 0.0 55.11864885068015
19.0 0.0 54.72200377363555
20.0 0.0 54.26788187810382
21.0 0.0 53.757764561677426
22.0 0.0 53.19330582008508
23.0 0.0 70.0
24.0 0.0 70.0
25.0 0.0 70.0
26.0 0.0 70.0
27.0 0.0 70.0
28.0 0.0 59.48108108108108
29.0 0.0 58.58918918918919
30.0 0.0 57.64324324324325
31.0 0.0 56.64324324324325
32.0 0.0 55.58918918918919
33.0 0.0 54.48108108108108
34.0 0.0 53.31891891891892
35.0 0.0 52.1027027027027
36.0 0.0 50.83243243243243
37.0 0.0 49.508108108108104
38.0 0.0 48.12972972972973
39.0 0.0 46.6972972972973
40.0 0.0 45.21081081081081
41.0 0.0 40.82857142857143
42.0 0.0 39.14285714285714
43.0 0.0 37.4
44.0 0.0 35.6
45.0 0.0 33.74285714285714
46.0 0.0 31.828571428571422
47.0 0.0 29.857142857142854
48.0 0.0 27.828571428571422
49.0 0.0 25.74285714285714

0.0 1.0 54.35236427474272
1.0 1.0 55.051322765295964
2.0 1.0 55.6973493584178
3.0 1.0 56.288379662780095
4.0 1.0 56.82251045139621
5.0 1.0 57.29800986766274
6.0 1.0 57.713326778068186
7.0 1.0 58.06709920090423
8.0 1.0 58.35816174689367
9.0 1.0 58.585552014853235
10.0 1.0 58.74851589327254
11.0 1.0 58.846511726938495
12.0 1.0 58.879213316387215
13.0 1.0 58.846511726938495
14.0 1.0 58.74851589327254
15.0 1.0 58.585552014853235
16.0 1.0 58.35816174689367
17.0 1.0 58.06709920090423
18.0 1.0 57.713326778068186
19.0 1.0 57.29800986766274
20.0 1.0 56.82251045139621
21.0 1.0 56.288379662780095
22.0 1.0 55.6973493584178
23.0 1.0 70.0
24.0 1.0 70.0
25.0 1.0 70.0
26.0 1.0 70.0
27.0 1.0 70.0
28.0 1.0 60.05608108108108
29.0 1.0 59.16418918918919
30.0 1.0 58.21824324324324
31.0 1.0 57.21824324324324
32.0 1.0 56.16418918918919
33.0 1.0 55.05608108108108
34.0 1.0 53.89391891891892
35.0 1.0 52.6777027027027
36.0 1.0 51.40743243243243
37.0 1.0 50.08310810810811
38.0 1.0 48.704729729729735
39.0 1.0 47.2722972972973
40.0 1.0 45.785810810810815
41.0 1.0 41.65
42.0 1.0 39.964285714285715
43.0 1.0 38.221428571428575
44.0 1.0 36.42142857142857
45.0 1.0 34.56428571428572
46.0 1.0 32.65
47.0 1.0 30.67857142857143
48.0 1.0 28.65
49.0 1.0 26.564285714285717

0.0 2.0 56.68378060917941
1.0 2.0 57.41272055985336
2.0 2.0 58.08645812694629
3.0 2.0 58.70284036814011
4.0 2.0 59.25988241851864
5.0 2.0 59.755778134392216
6.0 2.0 60.18890984718589
7.0 2.0 60.55785715369588
8.0 2.0 60.861404675879406
9.0 2.0 61.09854873085609
10.0 2.0 61.26850285989539
11.0 2.0 61.37070217376619
12.0 2.0 61.404806480848634
13.0 2.0 61.37070217376619
14.0 2.0 61.26850285989539
15.0 2.0 61.09854873085609
16.0 2.0 60.861404675879406
17.0 2.0 60.55785715369588
18.0 2.0 60.18890984718589
19.0 2.0 59.755778134392216
20.0 2.0 59.25988241851864
21.0 2.0 58.70284036814011
22.0 2.0 58.08645812694629
23.0 2.0 70.0
24.0 2.0 70.0
25.0 2.0 70.0
26.0 2.0 70.0
27.0 2.0 70.0
28.0 2.0 60.58108108108108
29.0 2.0 59.68918918918919
30.0 2.0 58.74324324324324
31.0 2.0 57.74324324324324
32.0 2.0 56.68918918918919
33.0 2.0 55.58108108108108
34.0 2.0 54.41891891891892
35.0 2.0 53.2027027027027
36.0 2.0 51.932432432432435
37.0 2.0 50.60810810810811
38.0 2.0 49.229729729729726
39.0 2.0 47.7972972972973
40.0 2.0 46.31081081081081
41.0 2.0 42.4
42.0 2.0 40.71428571428571
43.0 2.0 38.971428571428575
44.0 2.0 37.17142857142857
45.0 2.0 35.31428571428572
46.0 2.0 33.4
47.0 2.0 31.42857142857143
48.0 2.0 29.4
49.0 2.0 27.314285714285717

0.0 3.0 58.879213316387215
1.0 3.0 59.63638601004515
2.0 3.0 60.33621826374816
3.0 3.0 60.97647374906783
4.0 3.0 61.55509072482268
5.0 3.0 62.07019309315121
6.0 3.0 62.52010053118015
7.0 3.0 62.90333762173847
8.0 3.0 63.21864191369338
9.0 3.0 63.46497085028912
10.0 3.0 63.6415075122789
11.0 3.0 63.74766513157525
12.0 3.0 63.783090340517475
13.0 3.0 63.74766513157525
14.0 3.0 63.6415075122789
15.0 3.0 63.46497085028912
16.0 3.0 63.21864191369338
17.0 3.0 62.90333762173847
18.0 3.0 62.52010053118015
19.0 3.0 62.07019309315121
20.0 3.0 61.55509072482268
21.0 3.0 60.97647374906783
22.0 3.0 60.33621826374816
23.0 3.0 70.0
24.0 3.0 70.0
25.0 3.0 70.0
26.0 3.0 70.0
27.0 3.0 70.0
28.0 3.0 61.05608108108108
29.0 3.0 60.16418918918919
30.0 3.0 59.21824324324324
31.0 3.0 58.21824324324324
32.0 3.0 57.16418918918919
33.0 3.0 56.05608108108108
34.0 3.0 54.89391891891892
35.0 3.0 53.6777027027027
36.0 3.0 52.40743243243243
37.0 3.0 51.08310810810811
38.0 3.0 49.704729729729735
39.0 3.0 48.2722972972973
40.0 3.0 46.785810810810815
41.0 3.0 43.07857142857143
42.0 3.0 41.39285714285714
43.0 3.0 39.650000000000006
44.0 3.0 37.85
45.0 3.0 35.99285714285714
46.0 3.0 34.07857142857142
47.0 3.0 32.107142857142854
48.0 3.0 30.078571428571422
49.0 3.0 27.99285714285714

0.0 4.0 60.91552775339543
1.0 4.0 61.6988869668888
2.0 4.0 62.42292264386177
3.0 4.0 63.085321113346744
4.0 4.0 63.6839493296543
5.0 4.0 64.21686631081617
6.0 4.0 64.68233362065341
7.0 4.0 65.07882481527233
8.0 4.0 65.40503378216418
9.0 4.0 65.65988190815783
10.0 4.0 65.84252402117563
11.0 4.0 65.95235305998654
12.0 4.0 65.98900343584829
13.0 4.0 65.95235305998654
14.0 4.0 65.84252402117563
15.0 4.0 65.65988190815783
16.0 4.0 65.40503378216418
17.0 4.0 65.07882481527233
18.0 4.0 64.68233362065341
19.0 4.0 64.21686631081617
20.0 4.0 63.6839493296543
21.0 4.0 63.085321113346744
22.0 4.0 62.42292264386177
23.0 4.0 70.0
24.0 4.0 70.0
25.0 4.0 70.0
26.0 4.0 70.0
27.0 4.0 70.0
28.0 4.0 61.48108108108108
29.0 4.0 60.58918918918919
30.0 4.0 59.64324324324325
31.0 4.0 58.64324324324325
32.0 4.0 57.58918918918919
33.0 4.0 56.48108108108108
34.0 4.0 55.31891891891892
35.0 4.0 54.1027027027027
36.0 4.0 52.83243243243243
37.0 4.0 51.508108108108104
38.0 4.0 50.12972972972973
39.0 4.0 48.6972972972973
40.0 4.0 47.21081081081081
41.0 4.0 43.68571428571428
42.0 4.0 42.0
43.0 4.0 40.25714285714286
44.0 4.0 38.457142857142856
45.0 4.0 36.6
46.0 4.0 34.68571428571428
47.0 4.0 32.714285714285715
48.0 4.0 30.685714285714283
49.0 4.0 28.6

0.0 5.0 62.77068176165761
1.0 5.0 63.577897814916106
2.0 5.0 64.32398366099702
3.0 5.0 65.00655516716168
4.0 5.0 65.6234143268083
5.0 5.0 66.17256104626739
6.0 5.0 66.65220394609631
7.0 5.0 67.060770095264
8.0 5.0 67.39691360421402
9.0 5.0 67.65952301111373
10.0 5.0 67.84772740456377
11.0 5.0 67.96090123556624
12.0 5.0 67.99866778154407
13.0 5.0 67.96090123556624
14.0 5.0 67.84772740456377
15.0 5.0 67.65952301111373
16.0 5.0 67.39691360421402
17.0 5.0 67.060770095264
18.0 5.0 66.65220394609631
19.0 5.0 66.17256104626739
20.0 5.0 65.6234143268083
21.0 5.0 65.00655516716168
22.0 5.0 64.32398366099702
23.0 5.0 70.0
24.0 5.0 70.0
25.0 5.0 70.0
26.0 5.0 70.0
27.0 5.0 70.0
28.0 5.0 61.85608108108108
29.0 5.0 60.96418918918919
30.0 5.0 60.01824324324325
31.0 5.0 59.01824324324325
32.0 5.0 57.96418918918919
33.0 5.0 56.85608108108108
34.0 5.0 55.69391891891892
35.0 5.0 54.4777027027027
36.0 5.0 53.20743243243243
37.0 5.0 51.883108108108104
38.0 5.0 50.50472972972973
39.0 5.0 49.0722972972973
40.0 5.0 47.58581081081081
41.0 5.0 44.221428571428575
42.0 5.0 42.535714285714285
43.0 5.0 40.792857142857144
44.0 5.0 38.99285714285715
45.0 5.0 37.135714285714286
46.0 5.0 35.22142857142857
47.0 5.0 33.25
48.0 5.0 31.221428571428568
49.0 5.0 29.135714285714286

0.0 6.0 64.42412105558427
1.0 6.0 65.25259994530859
2.0 6.0 66.01833840021787
3.0 6.0 66.71888948725585
4.0 6.0 67.3519973022421
5.0 6.0 67.91560906714282
6.0 6.0 68.40788621588177
7.0 6.0 68.8272143849327
8.0 6.0 69.17221223273164
9.0 6.0 69.44173902048715
10.0 6.0 69.63490089616754
11.0 6.0 69.75105583322097
12.0 6.0 69.78981718584043
13.0 6.0 69.75105583322097
14.0 6.0 69.63490089616754
15.0 6.0 69.44173902048715
16.0 6.0 69.17221223273164
17.0 6.0 68.8272143849327
18.0 6.0 68.40788621588177
19.0 6.0 67.91560906714282
20.0 6.0 67.3519973022421
21.0 6.0 66.71888948725585
22.0 6.0 66.01833840021787
23.0 6.0 70.0
24.0 6.0 70.0
25.0 6.0 70.0
26.0 6.0 70.0
27.0 6.0 70.0
28.0 6.0 62.18108108108108
29.0 6.0 61.28918918918919
30.0 6.0 60.34324324324324
31.0 6.0 59.34324324324324
32.0 6.0 58.28918918918919
33.0 6.0 57.18108108108108
34.0 6.0 56.01891891891892
35.0 6.0 54.8027027027027
36.0 6.0 53.53243243243243
37.0 6.0 52.20810810810811
38.0 6.0 50.829729729729735
39.0 6.0 49.3972972972973
40.0 6.0 47.910810810810815
41.0 6.0 44.68571428571428
42.0 6.0 43.0
43.0 6.0 41.25714285714286
44.0 6.0 39.457142857142856
45.0 6.0 37.6
46.0 6.0 35.68571428571428
47.0 6.0 33.714285714285715
48.0 6.0 31.685714285714283
49.0 6.0 29.6

0.0 7.0 65.8571573190421
1.0 7.0 66.70406471462776
2.0 7.0 67.48683609068877
3.0 7.0 68.20297008511736
4.0 7.0 68.85016061388671
5.0 7.0 69.42630923741088
6.0 7.0 69.92953649294613
7.0 7.0 70.3581921074118
8.0 7.0 70.71086401297994
9.0 7.0 70.98638609651128
10.0 7.0 71.1838446233222
11.0 7.0 71.30258328576065
12.0 7.0 71.34220683755355
13.0 7.0 71.30258328576065
14.0 7.0 71.1838446233222
15.0 7.0 70.98638609651128
16.0 7.0 70.71086401297994
17.0 7.0 70.3581921074118
18.0 7.0 69.92953649294613
19.0 7.0 69.42630923741088
20.0 7.0 68.85016061388671
21.0 7.0 68.20297008511736
22.0 7.0 67.48683609068877
23.0 7.0 70.0
24.0 7.0 70.0
25.0 7.0 70.0
26.0 7.0 70.0
27.0 7.0 70.0
28.0 7.0 62.45608108108108
29.0 7.0 61.56418918918919
30.0 7.0 60.61824324324324
31.0 7.0 59.61824324324324
32.0 7.0 58.56418918918919
33.0 7.0 57.45608108108108
34.0 7.0 56.29391891891892
35.0 7.0 55.0777027027027
36.0 7.0 53.807432432432435
37.0 7.0 52.48310810810811
38.0 7.0 51.104729729729726
39.0 7.0 49.6722972972973
40.0 7.0 48.18581081081081
41.0 7.0 45.07857142857143
42.0 7.0 43.39285714285714
43.0 7.0 41.650000000000006
44.0 7.0 39.85
45.0 7.0 37.99285714285714
46.0 7.0 36.07857142857142
47.0 7.0 34.107142857142854
48.0 7.0 32.07857142857142
49.0 7.0 29.99285714285714

0.0 8.0 67.0533193125268
1.0 8.0 67.91560906714282
2.0 8.0 68.71259790122583
3.0 8.0 69.44173902048715
4.0 8.0 70.10068445555024
5.0 8.0 70.6872976529205
6.0 8.0 71.19966501321672
7.0 8.0 71.63610628948729
8.0 8.0 71.99518376654962
9.0 8.0 71.80628620039265
10.0 8.0 73.65918196989571
11.0 8.0 74.79379107340553
12.0 8.0 75.17586466500455
13.0 8.0 74.79379107340553
14.0 8.0 73.65918196989571
15.0 8.0 71.80628620039265
16.0 8.0 71.99518376654962
17.0 8.0 71.63610628948729
18.0 8.0 71.19966501321672
19.0 8.0 70.6872976529205
20.0 8.0 70.10068445555024
21.0 8.0 69.44173902048715
22.0 8.0 68.71259790122583
23.0 8.0 67.91560906714282
24.0 8.0 70.0
25.0 8.0 70.0
26.0 8.0 70.0
27.0 8.0 63.51891891891892
28.0 8.0 62.68108108108108
29.0 8.0 61.78918918918919
30.0 8.0 60.84324324324324
31.0 8.0 59.84324324324324
32.0 8.0 58.78918918918919
33.0 8.0 57.68108108108108
34.0 8.0 56.51891891891892
35.0 8.0 61.035343270333755
36.0 8.0 62.61030467441136
37.0 8.0 63.574722412394706
38.0 8.0 63.89948496525387
39.0 8.0 63.574722412394706
40.0 8.0 62.61030467441136
41.0 8.0 61.035343270333755
42.0 8.0 43.71428571428571
43.0 8.0 41.971428571428575
44.0 8.0 40.17142857142857
45.0 8.0 38.31428571428572
46.0 8.0 36.4
47.0 8.0 34.42857142857143
48.0 8.0 32.4
49.0 8.0 30.314285714285717

0.0 9.0 67.99866778154407
1.0 9.0 68.87311449285863
2.0 9.0 69.6813396412934
3.0 9.0 70.42076052668499
4.0 9.0 71.08899607690702
5.0 9.0 71.68387961635318
6.0 9.0 70.89739088307472
7.0 9.0 74.98458451919942
8.0 9.0 78.50330766369737
9.0 9.0 81.35385774692786
10.0 9.0 83.45311989831332
11.0 9.0 84.73858991061431
12.0 9.0 85.17146511227924
13.0 9.0 84.73858991061431
14.0 9.0 83.45311989831332
15.0 9.0 81.35385774692786
16.0 9.0 78.50330766369737
17.0 9.0 74.98458451919942
18.0 9.0 70.89739088307472
19.0 9.0 71.68387961635318
20.0 9.0 71.08899607690702
21.0 9.0 70.42076052668499
22.0 9.0 69.6813396412934
23.0 9.0 68.87311449285863
24.0 9.0 70.0
25.0 9.0 70.0
26.0 9.0 70.0
27.0 9.0 63.69391891891892
28.0 9.0 62.85608108108108
29.0 9.0 61.96418918918919
30.0 9.0 61.01824324324325
31.0 9.0 60.01824324324325
32.0 9.0 60.26278225061351
33.0 9.0 63.736896841319506
34.0 9.0 66.72781151414276
35.0 9.0 69.15077908488868
36.0 9.0 70.93515191356633
37.0 9.0 72.02780142402217
38.0 9.0 72.39574534543736
39.0 9.0 72.02780142402217
40.0 9.0 70.93515191356633
41.0 9.0 69.15077908488868
42.0 9.0 66.72781151414276
43.0 9.0 63.736896841319506
44.0 9.0 60.26278225061351
45.0 9.0 38.56428571428572
46.0 9.0 36.65
47.0 9.0 34.67857142857143
48.0 9.0 32.65
49.0 9.0 30.564285714285717

0.0 10.0 68.68206575424942
1.0 10.0 69.5653008011189
2.0 10.0 70.38164874733705
3.0 10.0 71.12850093617236
4.0 10.0 71.80345236532571
5.0 10.0 72.541784693722
6.0 10.0 77.50964412106015
7.0 10.0 81.97803033730828
8.0 10.0 85.82492759676276
9.0 10.0 88.94133455826633
10.0 10.0 91.2363846333678
11.0 10.0 92.64174415281849
12.0 10.0 93.11499150948377
13.0 10.0 92.64174415281849
14.0 10.0 91.2363846333678
15.0 10.0 88.94133455826633
16.0 10.0 85.82492759676276
17.0 10.0 81.97803033730828
18.0 10.0 77.50964412106015
19.0 10.0 72.541784693722
20.0 10.0 71.80345236532571
21.0 10.0 71.12850093617236
22.0 10.0 70.38164874733705
23.0 10.0 69.5653008011189
24.0 10.0 70.0
25.0 10.0 70.0
26.0 10.0 70.0
27.0 10.0 63.81891891891892
28.0 10.0 62.98108108108108
29.0 10.0 62.08918918918919
30.0 10.0 61.14324324324325
31.0 10.0 61.6605169896637
32.0 10.0 65.88319750290113
33.0 10.0 69.68132578671204
34.0 10.0 72.95118845724835
35.0 10.0 75.60013437452639
36.0 10.0 77.55092693836264
37.0 10.0 78.74548252989571
38.0 10.0 79.1477427830612
39.0 10.0 78.74548252989571
40.0 10.0 77.55092693836264
41.0 10.0 75.60013437452639
42.0 10.0 72.95118845724835
43.0 10.0 69.68132578671204
44.0 10.0 65.88319750290113
45.0 10.0 61.6605169896637
46.0 10.0 36.82857142857142
47.0 10.0 34.857142857142854
48.0 10.0 32.82857142857142
49.0 10.0 30.74285714285714

0.0 11.0 69.09539690222616
1.0 11.0 69.98394728945189
2.0 11.0 70.80520804704307
3.0 11.0 71.55655481927784
4.0 11.0 70.89739088307472
5.0 11.0 76.52855797503653
6.0 11.0 81.76944251905552
7.0 11.0 86.4834036526116
8.0 11.0 90.54171985184966
9.0 11.0 93.82939924703105
10.0 11.0 96.2505813763317
11.0 11.0 97.73317706809935
12.0 11.0 98.23243329572048
13.0 11.0 97.73317706809935
14.0 11.0 96.2505813763317
15.0 11.0 93.82939924703105
16.0 11.0 90.54171985184966
17.0 11.0 86.4834036526116
18.0 11.0 81.76944251905552
19.0 11.0 76.52855797503653
20.0 11.0 70.89739088307472
21.0 11.0 71.55655481927784
22.0 11.0 70.80520804704307
23.0 11.0 69.98394728945189
24.0 11.0 69.09539690222616
25.0 11.0 70.0
26.0 11.0 64.6777027027027
27.0 11.0 63.89391891891892
28.0 11.0 63.05608108108108
29.0 11.0 62.16418918918919
30.0 11.0 60.26278225061351
31.0 11.0 65.04927427878106
32.0 11.0 69.50402614119719
33.0 11.0 73.51089310471986
34.0 11.0 76.96046187407222
35.0 11.0 79.75498935997639
36.0 11.0 81.81299416988193
37.0 11.0 83.07320050788445
38.0 11.0 83.49756830136242
39.0 11.0 83.07320050788445
40.0 11.0 81.81299416988193
41.0 11.0 79.75498935997639
42.0 11.0 76.96046187407222
43.0 11.0 73.51089310471986
44.0 11.0 69.50402614119719
45.0 11.0 65.04927427878106
46.0 11.0 60.26278225061351
47.0 11.0 34.964285714285715
48.0 11.0 32.93571428571428
49.0 11.0 30.85

0.0 12.0 69.23372597899768
1.0 12.0 70.12405524528398
2.0 12.0 70.94696016800741
3.0 12.0 71.6998111374825
4.0 12.0 72.17309854235624
5.0 12.0 77.90559126704491
6.0 12.0 83.24077880967835
7.0 12.0 88.0395616305875
8.0 12.0 92.17090202711505
9.0 12.0 95.51773899824461
10.0 12.0 97.9824871960337
11.0 12.0 99.4917602966037
12.0 12.0 100.0
13.0 12.0 99.4917602966037
14.0 12.0 97.9824871960337
15.0 12.0 95.51773899824461
16.0 12.0 92.17090202711505
17.0 12.0 88.0395616305875
18.0 12.0 83.24077880967835
19.0 12.0 77.90559126704491
20.0 12.0 72.17309854235624
21.0 12.0 71.6998111374825
22.0 12.0 70.94696016800741
23.0 12.0 70.12405524528398
24.0 12.0 69.23372597899768
25.0 12.0 65.43243243243244
26.0 12.0 64.70270270270271
27.0 12.0 63.91891891891892
28.0 12.0 63.08108108108108
29.0 12.0 62.18918918918919
30.0 12.0 61.3471337610028
31.0 12.0 66.21975257698817
32.0 12.0 70.75466198822659
33.0 12.0 74.83362738599938
34.0 12.0 78.34526672304779
35.0 12.0 81.19007814850792
36.0 12.0 83.28511411662865
37.0 12.0 84.56799625211315
38.0 12.0 85.0
39.0 12.0 84.56799625211315
40.0 12.0 83.28511411662865
41.0 12.0 81.19007814850792
42.0 12.0 78.34526672304779
43.0 12.0 74.83362738599938
44.0 12.0 70.75466198822659
45.0 12.0 66.21975257698817
46.0 12.0 61.3471337610028
47.0 12.0 35.0
48.0 12.0 32.97142857142857
49.0 12.0 30.885714285714286

0.0 13.0 69.09539690222616
1.0 13.0 69.98394728945189
2.0 13.0 70.80520804704307
3.0 13.0 71.55655481927784
4.0 13.0 70.89739088307472
5.0 13.0 76.52855797503653
6.0 13.0 81.76944251905552
7.0 13.0 86.4834036526116
8.0 13.0 90.54171985184966
9.0 13.0 93.82939924703105
10.0 13.0 96.2505813763317
11.0 13.0 97.73317706809935
12.0 13.0 98.23243329572048
13.0 13.0 97.73317706809935
14.0 13.0 96.2505813763317
15.0 13.0 93.82939924703105
16.0 13.0 90.54171985184966
17.0 13.0 86.4834036526116
18.0 13.0 81.76944251905552
19.0 13.0 76.52855797503653
20.0 13.0 70.89739088307472
21.0 13.0 71.55655481927784
22.0 13.0 70.80520804704307
23.0 13.0 69.98394728945189
24.0 13.0 69.09539690222616
25.0 13.0 65.40743243243243
26.0 13.0 64.6777027027027
27.0 13.0 63.89391891891892
28.0 13.0 63.05608108108108
29.0 13.0 62.16418918918919
30.0 13.0 60.26278225061351
31.0 13.0 65.04927427878106
32.0 13.0 69.50402614119719
33.0 13.0 73.51089310471986
34.0 13.0 76.96046187407222
35.0 13.0 79.75498935997639
36.0 13.0 81.81299416988193
37.0 13.0 83.07320050788445
38.0 13.0 83.49756830136242
39.0 13.0 83.07320050788445
40.0 13.0 81.81299416988193
41.0 13.0 79.75498935997639
42.0 13.0 76.96046187407222
43.0 13.0 73.51089310471986
44.0 13.0 69.50402614119719
45.0 13.0 65.04927427878106
46.0 13.0 60.26278225061351
47.0 13.0 34.964285714285715
48.0 13.0 32.93571428571428
49.0 13.0 30.85

0.0 14.0 68.68206575424942
1.0 14.0 69.5653008011189
2.0 14.0 70.38164874733705
3.0 14.0 71.12850093617236
4.0 14.0 71.80345236532571
5.0 14.0 72.541784693722
6.0 14.0 77.50964412106015
7.0 14.0 81.97803033730828
8.0 14.0 85.82492759676276
9.0 14.0 88.94133455826633
10.0 14.0 91.2363846333678
11.0 14.0 92.64174415281849
12.0 14.0 93.11499150948377
13.0 14.0 92.64174415281849
14.0 14.0 91.2363846333678
15.0 14.0 88.94133455826633
16.0 14.0 85.82492759676276
17.0 14.0 81.97803033730828
18.0 14.0 77.50964412106015
19.0 14.0 72.541784693722
20.0 14.0 71.80345236532571
21.0 14.0 71.12850093617236
22.0 14.0 70.38164874733705
23.0 14.0 69.5653008011189
24.0 14.0 66.0081081081081
25.0 14.0 65.33243243243243
26.0 14.0 64.6027027027027
27.0 14.0 63.81891891891892
28.0 14.0 62.98108108108108
29.0 14.0 62.08918918918919
30.0 14.0 61.14324324324325
31.0 14.0 61.6605169896637
32.0 14.0 65.88319750290113
33.0 14.0 69.68132578671204
34.0 14.0 72.95118845724835
35.0 14.0 75.60013437452639
36.0 14.0 77.55092693836264
37.0 14.0 78.74548252989571
38.0 14.0 79.1477427830612
39.0 14.0 78.74548252989571
40.0 14.0 77.55092693836264
41.0 14.0 75.60013437452639
42.0 14.0 72.95118845724835
43.0 14.0 69.68132578671204
44.0 14.0 65.88319750290113
45.0 14.0 61.6605169896637
46.0 14.0 36.82857142857142
47.0 14.0 34.857142857142854
48.0 14.0 32.82857142857142
49.0 14.0 30.74285714285714

0.0 15.0 67.99866778154407
1.0 15.0 68.87311449285863
2.0 15.0 69.6813396412934
3.0 15.0 70.42076052668499
4.0 15.0 71.08899607690702
5.0 15.0 71.68387961635318
6.0 15.0 70.89739088307472
7.0 15.0 74.98458451919942
8.0 15.0 78.50330766369737
9.0 15.0 81.35385774692786
10.0 15.0 83.45311989831332
11.0 15.0 84.73858991061431
12.0 15.0 85.17146511227924
13.0 15.0 84.73858991061431
14.0 15.0 83.45311989831332
15.0 15.0 81.35385774692786
16.0 15.0 78.50330766369737
17.0 15.0 74.98458451919942
18.0 15.0 70.89739088307472
19.0 15.0 71.68387961635318
20.0 15.0 71.08899607690702
21.0 15.0 70.42076052668499
22.0 15.0 69.6813396412934
23.0 15.0 66.50472972972973
24.0 15.0 65.8831081081081
25.0 15.0 65.20743243243243
26.0 15.0 64.4777027027027
27.0 15.0 63.69391891891892
28.0 15.0 62.85608108108108
29.0 15.0 61.96418918918919
30.0 15.0 61.01824324324325
31.0 15.0 60.01824324324325
32.0 15.0 60.26278225061351
33.0 15.0 63.736896841319506
34.0 15.0 66.72781151414276
35.0 15.0 69.15077908488868
36.0 15.0 70.93515191356633
37.0 15.0 72.02780142402217
38.0 15.0 72.39574534543736
39.0 15.0 72.02780142402217
40.0 15.0 70.93515191356633
41.0 15.0 69.15077908488868
42.0 15.0 66.72781151414276
43.0 15.0 63.736896841319506
44.0 15.0 60.26278225061351
45.0 15.0 38.56428571428572
46.0 15.0 36.65
47.0 15.0 34.67857142857143
48.0 15.0 32.65
49.0 15.0 30.564285714285717

0.0 16.0 67.0533193125268
1.0 16.0 67.91560906714282
2.0 16.0 68.71259790122583
3.0 16.0 69.44173902048715
4.0 16.0 70.10068445555024
5.0 16.0 70.6872976529205
6.0 16.0 71.19966501321672
7.0 16.0 71.63610628948729
8.0 16.0 71.99518376654962
9.0 16.0 71.80628620039265
10.0 16.0 73.65918196989571
11.0 16.0 74.79379107340553
12.0 16.0 75.17586466500455
13.0 16.0 74.79379107340553
14.0 16.0 73.65918196989571
15.0 16.0 71.80628620039265
16.0 16.0 71.99518376654962
17.0 16.0 71.63610628948729
18.0 16.0 71.19966501321672
19.0 16.0 70.6872976529205
20.0 16.0 70.10068445555024
21.0 16.0 69.44173902048715
22.0 16.0 66.8972972972973
23.0 16.0 66.32972972972973
24.0 16.0 65.7081081081081
25.0 16.0 65.03243243243243
26.0 16.0 64.3027027027027
27.0 16.0 63.51891891891892
28.0 16.0 62.68108108108108
29.0 16.0 61.78918918918919
30.0 16.0 60.84324324324324
31.0 16.0 59.84324324324324
32.0 16.0 58.78918918918919
33.0 16.0 57.68108108108108
34.0 16.0 56.51891891891892
35.0 16.0 61.035343270333755
36.0 16.0 62.61030467441136
37.0 16.0 63.574722412394706
38.0 16.0 63.89948496525387
39.0 16.0 63.574722412394706
40.0 16.0 62.61030467441136
41.0 16.0 61.035343270333755
42.0 16.0 43.71428571428571
43.0 16.0 41.971428571428575
44.0 16.0 40.17142857142857
45.0 16.0 38.31428571428572
46.0 16.0 36.4
47.0 16.0 34.42857142857143
48.0 16.0 32.4
49.0 16.0 30.314285714285717

0.0 17.0 65.8571573190421
1.0 17.0 66.70406471462776
2.0 17.0 67.48683609068877
3.0 17.0 68.20297008511736
4.0 17.0 68.85016061388671
5.0 17.0 69.42630923741088
6.0 17.0 69.92953649294613
7.0 17.0 70.3581921074118
8.0 17.0 70.71086401297994
9.0 17.0 70.98638609651128
10.0 17.0 71.1838446233222
11.0 17.0 71.30258328576065
12.0 17.0 71.34220683755355
13.0 17.0 71.30258328576065
14.0 17.0 71.1838446233222
15.0 17.0 70.98638609651128
16.0 17.0 70.71086401297994
17.0 17.0 70.3581921074118
18.0 17.0 69.92953649294613
19.0 17.0 69.42630923741088
20.0 17.0 68.85016061388671
21.0 17.0 67.1858108108108
22.0 17.0 66.67229729729729
23.0 17.0 66.10472972972973
24.0 17.0 65.48310810810811
25.0 17.0 64.80743243243244
26.0 17.0 64.07770270270271
27.0 17.0 63.29391891891892
28.0 17.0 62.45608108108108
29.0 17.0 61.56418918918919
30.0 17.0 60.61824324324324
31.0 17.0 59.61824324324324
32.0 17.0 58.56418918918919
33.0 17.0 57.45608108108108
34.0 17.0 56.29391891891892
35.0 17.0 55.0777027027027
36.0 17.0 53.807432432432435
37.0 17.0 51.25
38.0 17.0 49.792857142857144
39.0 17.0 48.278571428571425
40.0 17.0 46.707142857142856
41.0 17.0 45.07857142857143
42.0 17.0 43.39285714285714
43.0 17.0 41.650000000000006
44.0 17.0 39.85
45.0 17.0 37.99285714285714
46.0 17.0 36.07857142857142
47.0 17.0 34.107142857142854
48.0 17.0 32.07857142857142
49.0 17.0 29.99285714285714

0.0 18.0 64.42412105558427
1.0 18.0 65.25259994530859
2.0 18.0 66.01833840021787
3.0 18.0 66.71888948725585
4.0 18.0 67.3519973022421
5.0 18.0 67.91560906714282
6.0 18.0 68.40788621588177
7.0 18.0 68.8272143849327
8.0 18.0 69.17221223273164
9.0 18.0 69.44173902048715
10.0 18.0 69.63490089616754
11.0 18.0 69.75105583322097
12.0 18.0 69.78981718584043
13.0 18.0 69.75105583322097
14.0 18.0 69.63490089616754
15.0 18.0 69.44173902048715
16.0 18.0 69.17221223273164
17.0 18.0 68.8272143849327
18.0 18.0 68.40788621588177
19.0 18.0 67.91560906714282
20.0 18.0 67.37027027027027
21.0 18.0 66.91081081081082
22.0 18.0 66.3972972972973
23.0 18.0 65.82972972972973
24.0 18.0 65.2081081081081
25.0 18.0 64.53243243243243
26.0 18.0 63.8027027027027
27.0 18.0 63.01891891891892
28.0 18.0 62.18108108108108
29.0 18.0 61.28918918918919
30.0 18.0 60.34324324324324
31.0 18.0 59.34324324324324
32.0 18.0 58.28918918918919
33.0 18.0 57.18108108108108
34.0 18.0 56.01891891891892
35.0 18.0 54.8027027027027
36.0 18.0 52.25714285714286
37.0 18.0 50.85714285714286
38.0 18.0 49.400000000000006
39.0 18.0 47.885714285714286
40.0 18.0 46.31428571428572
41.0 18.0 44.68571428571428
42.0 18.0 43.0
43.0 18.0 41.25714285714286
44.0 18.0 39.457142857142856
45.0 18.0 37.6
46.0 18.0 35.68571428571428
47.0 18.0 33.714285714285715
48.0 18.0 31.685714285714283
49.0 18.0 29.6

0.0 19.0 62.77068176165761
1.0 19.0 63.577897814916106
2.0 19.0 64.32398366099702
3.0 19.0 65.00655516716168
4.0 19.0 65.6234143268083
5.0 19.0 66.17256104626739
6.0 19.0 66.65220394609631
7.0 19.0 67.060770095264
8.0 19.0 67.39691360421402
9.0 19.0 67.65952301111373
10.0 19.0 67.84772740456377
11.0 19.0 67.96090123556624
12.0 19.0 67.99866778154407
13.0 19.0 67.96090123556624
14.0 19.0 67.84772740456377
15.0 19.0 67.65952301111373
16.0 19.0 67.39691360421402
17.0 19.0 67.060770095264
18.0 19.0 66.65220394609631
19.0 19.0 67.45067567567568
20.0 19.0 67.04527027027027
21.0 19.0 66.58581081081081
22.0 19.0 66.0722972972973
23.0 19.0 65.50472972972973
24.0 19.0 64.8831081081081
25.0 19.0 64.20743243243243
26.0 19.0 63.4777027027027
27.0 19.0 62.69391891891892
28.0 19.0 61.85608108108108
29.0 19.0 60.96418918918919
30.0 19.0 60.01824324324325
31.0 19.0 59.01824324324325
32.0 19.0 57.96418918918919
33.0 19.0 56.85608108108108
34.0 19.0 55.69391891891892
35.0 19.0 53.135714285714286
36.0 19.0 51.792857142857144
37.0 19.0 50.39285714285714
38.0 19.0 48.93571428571428
39.0 19.0 47.42142857142857
40.0 19.0 45.85
41.0 19.0 44.221428571428575
42.0 19.0 42.535714285714285
43.0 19.0 40.792857142857144
44.0 19.0 38.99285714285715
45.0 19.0 37.135714285714286
46.0 19.0 35.22142857142857
47.0 19.0 33.25
48.0 19.0 31.221428571428568
49.0 19.0 29.135714285714286

0.0 20.0 60.91552775339543
1.0 20.0 61.6988869668888
2.0 20.0 62.42292264386177
3.0 20.0 63.085321113346744
4.0 20.0 63.6839493296543
5.0 20.0 64.21686631081617
6.0 20.0 64.68233362065341
7.0 20.0 65.07882481527233
8.0 20.0 65.40503378216418
9.0 20.0 65.65988190815783
10.0 20.0 65.84252402117563
11.0 20.0 65.95235305998654
12.0 20.0 65.98900343584829
13.0 20.0 65.95235305998654
14.0 20.0 65.84252402117563
15.0 20.0 65.65988190815783
16.0 20.0 65.40503378216418
17.0 20.0 67.72432432432433
18.0 20.0 67.42702702702702
19.0 20.0 67.07567567567568
20.0 20.0 66.67027027027027
21.0 20.0 66.21081081081081
22.0 20.0 65.6972972972973
23.0 20.0 65.12972972972973
24.0 20.0 64.5081081081081
25.0 20.0 63.832432432432434
26.0 20.0 63.1027027027027
27.0 20.0 62.31891891891892
28.0 20.0 61.48108108108108
29.0 20.0 60.58918918918919
30.0 20.0 59.64324324324325
31.0 20.0 58.64324324324325
32.0 20.0 57.58918918918919
33.0 20.0 56.48108108108108
34.0 20.0 53.885714285714286
35.0 20.0 52.6
36.0 20.0 51.25714285714286
37.0 20.0 49.85714285714286
38.0 20.0 48.400000000000006
39.0 20.0 46.885714285714286
40.0 20.0 45.31428571428572
41.0 20.0 43.68571428571428
42.0 20.0 42.0
43.0 20.0 40.25714285714286
44.0 20.0 38.457142857142856
45.0 20.0 36.6
46.0 20.0 34.68571428571428
47.0 20.0 32.714285714285715
48.0 20.0 30.685714285714283
49.0 20.0 28.6

0.0 21.0 58.879213316387215
1.0 21.0 59.63638601004515
2.0 21.0 60.33621826374816
3.0 21.0 60.97647374906783
4.0 21.0 61.55509072482268
5.0 21.0 62.07019309315121
6.0 21.0 62.52010053118015
7.0 21.0 62.90333762173847
8.0 21.0 63.21864191369338
9.0 21.0 63.46497085028912
10.0 21.0 63.6415075122789
11.0 21.0 63.74766513157525
12.0 21.0 63.783090340517475
13.0 21.0 63.74766513157525
14.0 21.0 63.6415075122789
15.0 21.0 67.73175675675675
16.0 21.0 67.54256756756757
17.0 21.0 67.29932432432432
18.0 21.0 67.00202702702703
19.0 21.0 66.65067567567567
20.0 21.0 66.24527027027027
21.0 21.0 65.78581081081082
22.0 21.0 65.2722972972973
23.0 21.0 64.70472972972973
24.0 21.0 64.0831081081081
25.0 21.0 63.40743243243243
26.0 21.0 62.6777027027027
27.0 21.0 61.89391891891892
28.0 21.0 61.05608108108108
29.0 21.0 60.16418918918919
30.0 21.0 59.21824324324324
31.0 21.0 58.21824324324324
32.0 21.0 57.16418918918919
33.0 21.0 54.50714285714286
34.0 21.0 53.278571428571425
35.0 21.0 51.99285714285715
36.0 21.0 50.650000000000006
37.0 21.0 49.25
38.0 21.0 47.792857142857144
39.0 21.0 46.278571428571425
40.0 21.0 44.707142857142856
41.0 21.0 43.07857142857143
42.0 21.0 41.39285714285714
43.0 21.0 39.650000000000006
44.0 21.0 37.85
45.0 21.0 35.99285714285714
46.0 21.0 34.07857142857142
47.0 21.0 32.107142857142854
48.0 21.0 30.078571428571422
49.0 21.0 27.99285714285714

0.0 22.0 56.68378060917941
1.0 22.0 57.41272055985336
2.0 22.0 58.08645812694629
3.0 22.0 58.70284036814011
4.0 22.0 59.25988241851864
5.0 22.0 59.755778134392216
6.0 22.0 60.18890984718589
7.0 22.0 60.55785715369588
8.0 22.0 60.861404675879406
9.0 22.0 61.09854873085609
10.0 22.0 61.26850285989539
11.0 22.0 61.37070217376619
12.0 22.0 61.404806480848634
13.0 22.0 67.47297297297297
14.0 22.0 67.39189189189189
15.0 22.0 67.25675675675676
16.0 22.0 67.06756756756756
17.0 22.0 66.82432432432432
18.0 22.0 66.52702702702703
19.0 22.0 66.17567567567568
20.0 22.0 65.77027027027027
21.0 22.0 65.3108108108108
22.0 22.0 64.79729729729729
23.0 22.0 64.22972972972973
24.0 22.0 63.608108108108105
25.0 22.0 62.932432432432435
26.0 22.0 62.2027027027027
27.0 22.0 61.41891891891892
28.0 22.0 60.58108108108108
29.0 22.0 59.68918918918919
30.0 22.0 58.74324324324324
31.0 22.0 57.74324324324324
32.0 22.0 55.0
33.0 22.0 53.82857142857143
34.0 22.0 52.599999999999994
35.0 22.0 51.31428571428572
36.0 22.0 49.971428571428575
37.0 22.0 48.57142857142857
38.0 22.0 47.114285714285714
39.0 22.0 45.599999999999994
40.0 22.0 44.028571428571425
41.0 22.0 42.4
42.0 22.0 40.71428571428571
43.0 22.0 38.971428571428575
44.0 22.0 37.17142857142857
45.0 22.0 35.31428571428572
46.0 22.0 33.4
47.0 22.0 31.42857142857143
48.0 22.0 29.4
49.0 22.0 27.314285714285717

0.0 23.0 54.35236427474272
1.0 23.0 55.051322765295964
2.0 23.0 55.6973493584178
3.0 23.0 56.288379662780095
4.0 23.0 56.82251045139621
5.0 23.0 57.29800986766274
6.0 23.0 57.713326778068186
7.0 23.0 58.06709920090423
8.0 23.0 58.35816174689367
9.0 23.0 58.585552014853235
10.0 23.0 58.74851589327254
11.0 23.0 66.94797297297298
12.0 23.0 66.975
13.0 23.0 66.94797297297298
14.0 23.0 66.8668918918919
15.0 23.0 66.73175675675675
16.0 23.0 66.54256756756757
17.0 23.0 66.29932432432432
18.0 23.0 66.00202702702703
19.0 23.0 65.65067567567567
20.0 23.0 65.24527027027027
21.0 23.0 64.78581081081082
22.0 23.0 64.2722972972973
23.0 23.0 63.70472972972973
24.0 23.0 63.08310810810811
25.0 23.0 62.40743243243243
26.0 23.0 61.6777027027027
27.0 23.0 60.89391891891892
28.0 23.0 60.05608108108108
29.0 23.0 59.16418918918919
30.0 23.0 58.21824324324324
31.0 23.0 55.364285714285714
32.0 23.0 54.25
33.0 23.0 53.07857142857143
34.0 23.0 51.85
35.0 23.0 50.56428571428572
36.0 23.0 49.221428571428575
37.0 23.0 47.82142857142857
38.0 23.0 46.364285714285714
39.0 23.0 44.85
40.0 23.0 43.27857142857143
41.0 23.0 41.65
42.0 23.0 39.964285714285715
43.0 23.0 38.221428571428575
44.0 23.0 36.42142857142857
45.0 23.0 34.56428571428572
46.0 23.0 32.65
47.0 23.0 30.67857142857143
48.0 23.0 28.65
49.0 23.0 26.564285714285717

0.0 24.0 51.90878862665479
1.0 24.0 52.576323314962615
2.0 24.0 53.19330582008508
3.0 24.0 53.757764561677426
4.0 24.0 54.26788187810382
5.0 24.0 54.72200377363555
6.0 24.0 55.11864885068015
7.0 24.0 65.72432432432433
8.0 24.0 65.96756756756757
9.0 24.0 66.15675675675675
10.0 24.0 66.2918918918919
11.0 24.0 66.37297297297297
12.0 24.0 66.4
13.0 24.0 66.37297297297297
14.0 24.0 66.2918918918919
15.0 24.0 66.15675675675675
16.0 24.0 65.96756756756757
17.0 24.0 65.72432432432433
18.0 24.0 65.42702702702702
19.0 24.0 65.07567567567568
20.0 24.0 64.67027027027027
21.0 24.0 64.21081081081081
22.0 24.0 63.6972972972973
23.0 24.0 63.12972972972973
24.0 24.0 62.508108108108104
25.0 24.0 61.832432432432434
26.0 24.0 61.1027027027027
27.0 24.0 60.31891891891892
28.0 24.0 59.48108108108108
29.0 24.0 58.58918918918919
30.0 24.0 55.599999999999994
31.0 24.0 54.542857142857144
32.0 24.0 53.42857142857143
33.0 24.0 52.25714285714285
34.0 24.0 51.028571428571425
35.0 24.0 49.74285714285715
36.0 24.0 48.400000000000006
37.0 24.0 47.0
38.0 24.0 45.542857142857144
39.0 24.0 44.028571428571425
40.0 24.0 42.457142857142856
41.0 24.0 40.82857142857143
42.0 24.0 39.14285714285714
43.0 24.0 37.4
44.0 24.0 35.6
45.0 24.0 33.74285714285714
46.0 24.0 31.828571428571422
47.0 24.0 29.857142857142854
48.0 24.0 27.828571428571422
49.0 24.0 25.74285714285714

0.0 25.0 49.37716713186204
1.0 25.0 50.01214576925536
2.0 25.0 63.0722972972973
3.0 25.0 63.58581081081081
4.0 25.0 64.04527027027027
5.0 25.0 64.45067567567568
6.0 25.0 64.80202702702702
7.0 25.0 65.09932432432433
8.0 25.0 65.34256756756757
9.0 25.0 65.53175675675676
10.0 25.0 65.6668918918919
11.0 25.0 65.74797297297297
12.0 25.0 65.775
13.0 25.0 65.74797297297297
14.0 25.0 65.6668918918919
15.0 25.0 65.53175675675676
16.0 25.0 65.34256756756757
17.0 25.0 65.09932432432433
18.0 25.0 64.80202702702702
19.0 25.0 64.45067567567568
20.0 25.0 64.04527027027027
21.0 25.0 63.58581081081081
22.0 25.0 63.0722972972973
23.0 25.0 62.50472972972973
24.0 25.0 61.883108108108104
25.0 25.0 61.207432432432434
26.0 25.0 60.4777027027027
27.0 25.0 59.69391891891892
28.0 25.0 58.85608108108108
29.0 25.0 55.707142857142856
30.0 25.0 54.707142857142856
31.0 25.0 53.65
32.0 25.0 52.535714285714285
33.0 25.0 51.364285714285714
34.0 25.0 50.135714285714286
35.0 25.0 48.85
36.0 25.0 47.50714285714286
37.0 25.0 46.10714285714286
38.0 25.0 44.650000000000006
39.0 25.0 43.135714285714286
40.0 25.0 41.56428571428572
41.0 25.0 39.93571428571428
42.0 25.0 38.25
43.0 25.0 36.50714285714286
44.0 25.0 34.707142857142856
45.0 25.0 32.85
46.0 25.0 30.935714285714283
47.0 25.0 28.964285714285715
48.0 25.0 26.935714285714283
49.0 25.0 24.85

0.0 26.0 61.20810810810811
1.0 26.0 61.82972972972973
2.0 26.0 62.3972972972973
3.0 26.0 62.91081081081081
4.0 26.0 63.37027027027027
5.0 26.0 63.77567567567567
6.0 26.0 64.12702702702703
7.0 26.0 64.42432432432432
8.0 26.0 64.66756756756757
9.0 26.0 64.85675675675675
10.0 26.0 64.9918918918919
11.0 26.0 65.07297297297298
12.0 26.0 65.1
13.0 26.0 65.07297297297298
14.0 26.0 64.9918918918919
15.0 26.0 64.85675675675675
16.0 26.0 64.66756756756757
17.0 26.0 64.42432432432432
18.0 26.0 64.12702702702703
19.0 26.0 63.77567567567567
20.0 26.0 63.37027027027027
21.0 26.0 62.91081081081081
22.0 26.0 62.3972972972973
23.0 26.0 61.82972972972973
24.0 26.0 61.20810810810811
25.0 26.0 60.53243243243243
26.0 26.0 59.8027027027027
27.0 26.0 56.57142857142857
28.0 26.0 55.68571428571428
29.0 26.0 54.74285714285714
30.0 26.0 53.74285714285714
31.0 26.0 52.68571428571428
32.0 26.0 51.57142857142857
33.0 26.0 50.4
34.0 26.0 49.17142857142857
35.0 26.0 47.885714285714286
36.0 26.0 46.542857142857144
37.0 26.0 45.14285714285714
38.0 26.0 43.68571428571428
39.0 26.0 42.17142857142857
40.0 26.0 40.6
41.0 26.0 38.971428571428575
42.0 26.0 37.285714285714285
43.0 26.0 35.542857142857144
44.0 26.0 33.74285714285715
45.0 26.0 31.885714285714286
46.0 26.0 29.971428571428568
47.0 26.0 28.0
48.0 26.0 25.971428571428568
49.0 26.0 23.885714285714286

0.0 27.0 60.48310810810811
1.0 27.0 61.104729729729726
2.0 27.0 61.6722972972973
3.0 27.0 62.18581081081081
4.0 27.0 62.645270270270274
5.0 27.0 63.05067567567568
6.0 27.0 63.402027027027025
7.0 27.0 63.69932432432432
8.0 27.0 63.942567567567565
9.0 27.0 64.13175675675676
10.0 27.0 64.26689189189189
11.0 27.0 64.34797297297297
12.0 27.0 64.375
13.0 27.0 64.34797297297297
14.0 27.0 64.26689189189189
15.0 27.0 64.13175675675676
16.0 27.0 63.942567567567565
17.0 27.0 63.69932432432432
18.0 27.0 63.402027027027025
19.0 27.0 63.05067567567568
20.0 27.0 62.645270270270274
21.0 27.0 62.18581081081081
22.0 27.0 61.6722972972973
23.0 27.0 61.104729729729726
24.0 27.0 60.48310810810811
25.0 27.0 59.807432432432435
26.0 27.0 56.364285714285714
27.0 27.0 55.535714285714285
28.0 27.0 54.65
29.0 27.0 53.707142857142856
30.0 27.0 52.707142857142856
31.0 27.0 51.65
32.0 27.0 50.535714285714285
33.0 27.0 49.364285714285714
34.0 27.0 48.135714285714286
35.0 27.0 46.85
36.0 27.0 45.50714285714286
37.0 27.0 44.107142857142854
38.0 27.0 42.65
39.0 27.0 41.135714285714286
40.0 27.0 39.56428571428572
41.0 27.0 37.93571428571428
42.0 27.0 36.25
43.0 27.0 34.50714285714286
44.0 27.0 32.707142857142856
45.0 27.0 30.85
46.0 27.0 28.935714285714283
47.0 27.0 26.964285714285715
48.0 27.0 24.935714285714283
49.0 27.0 22.85

0.0 28.0 59.70810810810811
1.0 28.0 60.32972972972973
2.0 28.0 60.8972972972973
3.0 28.0 61.41081081081081
4.0 28.0 61.87027027027027
5.0 28.0 62.27567567567567
6.0 28.0 62.627027027027026
7.0 28.0 62.924324324324324
8.0 28.0 63.167567567567566
9.0 28.0 63.35675675675676
10.0 28.0 63.49189189189189
11.0 28.0 63.57297297297297
12.0 28.0 63.6
13.0 28.0 63.57297297297297
14.0 28.0 63.49189189189189
15.0 28.0 63.35675675675676
16.0 28.0 63.167567567567566
17.0 28.0 62.924324324324324
18.0 28.0 62.627027027027026
19.0 28.0 62.27567567567567
20.0 28.0 61.87027027027027
21.0 28.0 61.41081081081081
22.0 28.0 60.8972972972973
23.0 28.0 60.32972972972973
24.0 28.0 56.74285714285715
25.0 28.0 56.028571428571425
26.0 28.0 55.25714285714286
27.0 28.0 54.42857142857143
28.0 28.0 53.542857142857144
29.0 28.0 52.6
30.0 28.0 51.6
31.0 28.0 50.542857142857144
32.0 28.0 49.42857142857143
33.0 28.0 48.25714285714286
34.0 28.0 47.028571428571425
35.0 28.0 45.74285714285715
36.0 28.0 44.400000000000006
37.0 28.0 43.0
38.0 28.0 41.542857142857144
39.0 28.0 40.028571428571425
40.0 28.0 38.457142857142856
41.0 28.0 36.82857142857143
42.0 28.0 35.14285714285714
43.0 28.0 33.400000000000006
44.0 28.0 31.6
45.0 28.0 29.742857142857147
46.0 28.0 27.828571428571422
47.0 28.0 25.85714285714286
48.0 28.0 23.828571428571422
49.0 28.0 21.742857142857147

0.0 29.0 58.883108108108104
1.0 29.0 59.50472972972973
2.0 29.0 60.0722972972973
3.0 29.0 60.58581081081081
4.0 29.0 61.04527027027027
5.0 29.0 61.450675675675676
6.0 29.0 61.80202702702702
7.0 29.0 62.09932432432433
8.0 29.0 62.34256756756757
9.0 29.0 62.53175675675676
10.0 29.0 62.66689189189189
11.0 29.0 62.747972972972974
12.0 29.0 62.775
13.0 29.0 62.747972972972974
14.0 29.0 62.66689189189189
15.0 29.0 62.53175675675676
16.0 29.0 62.34256756756757
17.0 29.0 62.09932432432433
18.0 29.0 61.80202702702702
19.0 29.0 61.450675675675676
20.0 29.0 61.04527027027027
21.0 29.0 60.58581081081081
22.0 29.0 56.82142857142857
23.0 29.0 56.221428571428575
24.0 29.0 55.56428571428572
25.0 29.0 54.85
26.0 29.0 54.07857142857143
27.0 29.0 53.25
28.0 29.0 52.364285714285714
29.0 29.0 51.42142857142857
30.0 29.0 50.42142857142857
31.0 29.0 49.364285714285714
32.0 29.0 48.25
33.0 29.0 47.07857142857143
34.0 29.0 45.85
35.0 29.0 44.56428571428572
36.0 29.0 43.221428571428575
37.0 29.0 41.82142857142857
38.0 29.0 40.364285714285714
39.0 29.0 38.85
40.0 29.0 37.27857142857143
41.0 29.0 35.65
42.0 29.0 33.964285714285715
43.0 29.0 32.221428571428575
44.0 29.0 30.42142857142857
45.0 29.0 28.564285714285717
46.0 29.0 26.65
47.0 29.0 24.67857142857143
48.0 29.0 22.65
49.0 29.0 20.564285714285717

0.0 30.0 58.008108108108104
1.0 30.0 58.62972972972973
2.0 30.0 59.1972972972973
3.0 30.0 59.71081081081081
4.0 30.0 60.17027027027027
5.0 30.0 60.575675675675676
6.0 30.0 60.92702702702702
7.0 30.0 61.22432432432433
8.0 30.0 61.46756756756757
9.0 30.0 61.65675675675676
10.0 30.0 61.79189189189189
11.0 30.0 61.872972972972974
12.0 30.0 61.9
13.0 30.0 61.872972972972974
14.0 30.0 61.79189189189189
15.0 30.0 61.65675675675676
16.0 30.0 61.46756756756757
17.0 30.0 61.22432432432433
18.0 30.0 60.92702702702702
19.0 30.0 60.575675675675676
20.0 30.0 56.6
21.0 30.0 56.114285714285714
22.0 30.0 55.57142857142857
23.0 30.0 54.971428571428575
24.0 30.0 54.31428571428572
25.0 30.0 53.6
26.0 30.0 52.82857142857143
27.0 30.0 52.0
28.0 30.0 51.114285714285714
29.0 30.0 50.17142857142857
30.0 30.0 49.17142857142857
31.0 30.0 48.114285714285714
32.0 30.0 47.0
33.0 30.0 45.82857142857143
34.0 30.0 44.6
35.0 30.0 43.31428571428572
36.0 30.0 41.971428571428575
37.0 30.0 40.57142857142857
38.0 30.0 39.114285714285714
39.0 30.0 37.6
40.0 30.0 36.02857142857143
41.0 30.0 34.4
42.0 30.0 32.714285714285715
43.0 30.0 30.971428571428575
44.0 30.0 29.17142857142857
45.0 30.0 27.314285714285717
46.0 30.0 25.4
47.0 30.0 23.42857142857143
48.0 30.0 21.4
49.0 30.0 19.314285714285717

0.0 31.0 57.08310810810811
1.0 31.0 57.70472972972973
2.0 31.0 58.2722972972973
3.0 31.0 58.78581081081081
4.0 31.0 59.24527027027027
5.0 31.0 59.65067567567567
6.0 31.0 60.002027027027026
7.0 31.0 60.299324324324324
8.0 31.0 60.542567567567566
9.0 31.0 60.73175675675675
10.0 31.0 60.86689189189189
11.0 31.0 60.94797297297298
12.0 31.0 60.975
13.0 31.0 60.94797297297298
14.0 31.0 60.86689189189189
15.0 31.0 60.73175675675675
16.0 31.0 60.542567567567566
17.0 31.0 56.392857142857146
18.0 31.0 56.07857142857143
19.0 31.0 55.707142857142856
20.0 31.0 55.278571428571425
21.0 31.0 54.792857142857144
22.0 31.0 54.25
23.0 31.0 53.65
24.0 31.0 52.99285714285715
25.0 31.0 52.278571428571425
26.0 31.0 51.50714285714286
27.0 31.0 50.67857142857143
28.0 31.0 49.792857142857144
29.0 31.0 48.85
30.0 31.0 47.85
31.0 31.0 46.792857142857144
32.0 31.0 45.67857142857143
33.0 31.0 44.50714285714286
34.0 31.0 43.278571428571425
35.0 31.0 41.99285714285715
36.0 31.0 40.650000000000006
37.0 31.0 39.25
38.0 31.0 37.792857142857144
39.0 31.0 36.278571428571425
40.0 31.0 34.707142857142856
41.0 31.0 33.07857142857143
42.0 31.0 31.39285714285714
43.0 31.0 29.650000000000006
44.0 31.0 27.85
45.0 31.0 25.992857142857147
46.0 31.0 24.078571428571422
47.0 31.0 22.10714285714286
48.0 31.0 20.078571428571422
49.0 31.0 17.992857142857147

0.0 32.0 56.10810810810811
1.0 32.0 56.729729729729726
2.0 32.0 57.2972972972973
3.0 32.0 57.81081081081081
4.0 32.0 58.270270270270274
5.0 32.0 58.67567567567568
6.0 32.0 59.027027027027025
7.0 32.0 59.32432432432432
8.0 32.0 59.567567567567565
9.0 32.0 59.75675675675676
10.0 32.0 59.89189189189189
11.0 32.0 59.972972972972975
12.0 32.0 60.0
13.0 32.0 59.972972972972975
14.0 32.0 55.6
15.0 32.0 55.457142857142856
16.0 32.0 55.25714285714285
17.0 32.0 55.0
18.0 32.0 54.68571428571428
19.0 32.0 54.31428571428572
20.0 32.0 53.885714285714286
21.0 32.0 53.4
22.0 32.0 52.85714285714286
23.0 32.0 52.25714285714285
24.0 32.0 51.6
25.0 32.0 50.885714285714286
26.0 32.0 50.114285714285714
27.0 32.0 49.285714285714285
28.0 32.0 48.4
29.0 32.0 47.457142857142856
30.0 32.0 46.457142857142856
31.0 32.0 45.4
32.0 32.0 44.285714285714285
33.0 32.0 43.114285714285714
34.0 32.0 41.885714285714286
35.0 32.0 40.6
36.0 32.0 39.25714285714286
37.0 32.0 37.857142857142854
38.0 32.0 36.4
39.0 32.0 34.885714285714286
40.0 32.0 33.31428571428572
41.0 32.0 31.685714285714283
42.0 32.0 30.0
43.0 32.0 28.25714285714286
44.0 32.0 26.457142857142856
45.0 32.0 24.6
46.0 32.0 22.685714285714283
47.0 32.0 20.714285714285715
48.0 32.0 18.685714285714283
49.0 32.0 16.6

0.0 33.0 55.08310810810811
1.0 33.0 55.70472972972973
2.0 33.0 56.2722972972973
3.0 33.0 56.78581081081081
4.0 33.0 57.24527027027027
5.0 33.0 57.65067567567567
6.0 33.0 58.002027027027026
7.0 33.0 58.299324324324324
8.0 33.0 58.542567567567566
9.0 33.0 58.73175675675675
10.0 33.0 58.86689189189189
11.0 33.0 54.221428571428575
12.0 33.0 54.25
13.0 33.0 54.221428571428575
14.0 33.0 54.135714285714286
15.0 33.0 53.99285714285715
16.0 33.0 53.792857142857144
17.0 33.0 53.535714285714285
18.0 33.0 53.221428571428575
19.0 33.0 52.85
20.0 33.0 52.42142857142857
21.0 33.0 51.93571428571428
22.0 33.0 51.39285714285714
23.0 33.0 50.792857142857144
24.0 33.0 50.135714285714286
25.0 33.0 49.42142857142857
26.0 33.0 48.65
27.0 33.0 47.82142857142857
28.0 33.0 46.93571428571428
29.0 33.0 45.99285714285714
30.0 33.0 44.99285714285714
31.0 33.0 43.93571428571428
32.0 33.0 42.82142857142857
33.0 33.0 41.65
34.0 33.0 40.42142857142857
35.0 33.0 39.135714285714286
36.0 33.0 37.792857142857144
37.0 33.0 36.39285714285714
38.0 33.0 34.93571428571428
39.0 33.0 33.42142857142857
40.0 33.0 31.85
41.0 33.0 30.221428571428575
42.0 33.0 28.535714285714285
43.0 33.0 26.792857142857144
44.0 33.0 24.992857142857147
45.0 33.0 23.135714285714286
46.0 33.0 21.221428571428568
47.0 33.0 19.25
48.0 33.0 17.221428571428568
49.0 33.0 15.135714285714286

0.0 34.0 54.008108108108104
1.0 34.0 54.62972972972973
2.0 34.0 55.1972972972973
3.0 34.0 55.71081081081081
4.0 34.0 56.17027027027027
5.0 34.0 51.31428571428572
6.0 34.0 51.68571428571428
7.0 34.0 52.0
8.0 34.0 52.25714285714286
9.0 34.0 52.457142857142856
10.0 34.0 52.6
11.0 34.0 52.68571428571428
12.0 34.0 52.714285714285715
13.0 34.0 52.68571428571428
14.0 34.0 52.6
15.0 34.0 52.457142857142856
16.0 34.0 52.25714285714286
17.0 34.0 52.0
18.0 34.0 51.68571428571428
19.0 34.0 51.31428571428572
20.0 34.0 50.885714285714286
21.0 34.0 50.400000000000006
22.0 34.0 49.85714285714286
23.0 34.0 49.25714285714286
24.0 34.0 48.6
25.0 34.0 47.885714285714286
26.0 34.0 47.114285714285714
27.0 34.0 46.285714285714285
28.0 34.0 45.400000000000006
29.0 34.0 44.457142857142856
30.0 34.0 43.457142857142856
31.0 34.0 42.4
32.0 34.0 41.285714285714285
33.0 34.0 40.114285714285714
34.0 34.0 38.885714285714286
35.0 34.0 37.6
36.0 34.0 36.25714285714286
37.0 34.0 34.85714285714286
38.0 34.0 33.400000000000006
39.0 34.0 31.885714285714286
40.0 34.0 30.314285714285717
41.0 34.0 28.685714285714283
42.0 34.0 27.0
43.0 34.0 25.25714285714286
44.0 34.0 23.457142857142856
45.0 34.0 21.6
46.0 34.0 19.685714285714283
47.0 34.0 17.714285714285715
48.0 34.0 15.685714285714283
49.0 34.0 13.600000000000001

0.0 35.0 46.99285714285715
1.0 35.0 47.65
2.0 35.0 48.25
3.0 35.0 48.792857142857144
4.0 35.0 49.278571428571425
5.0 35.0 49.707142857142856
6.0 35.0 50.07857142857143
7.0 35.0 50.39285714285714
8.0 35.0 50.650000000000006
9.0 35.0 50.85
10.0 35.0 50.99285714285715
11.0 35.0 51.07857142857143
12.0 35.0 51.10714285714286
13.0 35.0 51.07857142857143
14.0 35.0 50.99285714285715
15.0 35.0 50.85
16.0 35.0 50.650000000000006
17.0 35.0 50.39285714285714
18.0 35.0 50.07857142857143
19.0 35.0 49.707142857142856
20.0 35.0 49.278571428571425
21.0 35.0 48.792857142857144
22.0 35.0 48.25
23.0 35.0 47.65
24.0 35.0 46.99285714285715
25.0 35.0 46.278571428571425
26.0 35.0 45.50714285714286
27.0 35.0 44.67857142857143
28.0 35.0 43.792857142857144
29.0 35.0 42.85
30.0 35.0 41.85
31.0 35.0 40.792857142857144
32.0 35.0 39.67857142857143
33.0 35.0 38.50714285714286
34.0 35.0 37.278571428571425
35.0 35.0 35.99285714285715
36.0 35.0 34.650000000000006
37.0 35.0 33.25
38.0 35.0 31.792857142857144
39.0 35.0 30.278571428571425
40.0 35.0 28.707142857142856
41.0 35.0 27.07857142857143
42.0 35.0 25.39285714285714
43.0 35.0 23.650000000000006
44.0 35.0 21.85
45.0 35.0 19.992857142857147
46.0 35.0 18.078571428571422
47.0 35.0 16.10714285714286
48.0 35.0 14.078571428571422
49.0 35.0 11.992857142857147

0.0 36.0 45.31428571428572
1.0 36.0 45.97142857142857
2.0 36.0 46.57142857142857
3.0 36.0 47.114285714285714
4.0 36.0 47.599999999999994
5.0 36.0 48.028571428571425
6.0 36.0 48.4
7.0 36.0 48.71428571428571
8.0 36.0 48.971428571428575
9.0 36.0 49.17142857142857
10.0 36.0 49.31428571428572
11.0 36.0 49.4
12.0 36.0 49.42857142857143
13.0 36.0 49.4
14.0 36.0 49.31428571428572
15.0 36.0 49.17142857142857
16.0 36.0 48.971428571428575
17.0 36.0 48.71428571428571
18.0 36.0 48.4
19.0 36.0 48.028571428571425
20.0 36.0 47.599999999999994
21.0 36.0 47.114285714285714
22.0 36.0 46.57142857142857
23.0 36.0 45.97142857142857
24.0 36.0 45.31428571428572
25.0 36.0 44.599999999999994
26.0 36.0 43.82857142857143
27.0 36.0 43.0
28.0 36.0 42.114285714285714
29.0 36.0 41.17142857142857
30.0 36.0 40.17142857142857
31.0 36.0 39.114285714285714
32.0 36.0 38.0
33.0 36.0 36.82857142857143
34.0 36.0 35.599999999999994
35.0 36.0 34.31428571428572
36.0 36.0 32.971428571428575
37.0 36.0 31.57142857142857
38.0 36.0 30.114285714285714
39.0 36.0 28.599999999999994
40.0 36.0 27.028571428571425
41.0 36.0 25.4
42.0 36.0 23.714285714285708
43.0 36.0 21.971428571428575
44.0 36.0 20.17142857142857
45.0 36.0 18.314285714285717
46.0 36.0 16.39999999999999
47.0 36.0 14.42857142857143
48.0 36.0 12.399999999999991
49.0 36.0 10.314285714285717

0.0 37.0 43.56428571428572
1.0 37.0 44.22142857142857
2.0 37.0 44.82142857142857
3.0 37.0 45.364285714285714
4.0 37.0 45.849999999999994
5.0 37.0 46.278571428571425
6.0 37.0 46.65
7.0 37.0 46.96428571428571
8.0 37.0 47.221428571428575
9.0 37.0 47.42142857142857
10.0 37.0 47.56428571428572
11.0 37.0 47.65
12.0 37.0 47.67857142857143
13.0 37.0 47.65
14.0 37.0 47.56428571428572
15.0 37.0 47.42142857142857
16.0 37.0 47.221428571428575
17.0 37.0 46.96428571428571
18.0 37.0 46.65
19.0 37.0 46.278571428571425
20.0 37.0 45.849999999999994
21.0 37.0 45.364285714285714
22.0 37.0 44.82142857142857
23.0 37.0 44.22142857142857
24.0 37.0 43.56428571428572
25.0 37.0 42.849999999999994
26.0 37.0 42.07857142857143
27.0 37.0 41.25
28.0 37.0 40.364285714285714
29.0 37.0 39.42142857142857
30.0 37.0 38.42142857142857
31.0 37.0 37.364285714285714
32.0 37.0 36.25
33.0 37.0 35.07857142857143
34.0 37.0 33.849999999999994
35.0 37.0 32.56428571428572
36.0 37.0 31.221428571428575
37.0 37.0 29.82142857142857
38.0 37.0 28.364285714285714
39.0 37.0 26.849999999999994
40.0 37.0 25.278571428571425
41.0 37.0 23.65
42.0 37.0 21.964285714285708
43.0 37.0 20.221428571428575
44.0 37.0 18.42142857142857
45.0 37.0 16.564285714285717
46.0 37.0 14.649999999999991
47.0 37.0 12.67857142857143
48.0 37.0 10.649999999999991
49.0 37.0 8.564285714285717

0.0 38.0 41.74285714285715
1.0 38.0 42.4
2.0 38.0 43.0
3.0 38.0 43.542857142857144
4.0 38.0 44.028571428571425
5.0 38.0 44.457142857142856
6.0 38.0 44.82857142857143
7.0 38.0 45.14285714285714
8.0 38.0 45.400000000000006
9.0 38.0 45.6
10.0 38.0 45.74285714285715
11.0 38.0 45.82857142857143
12.0 38.0 45.85714285714286
13.0 38.0 45.82857142857143
14.0 38.0 45.74285714285715
15.0 38.0 45.6
16.0 38.0 45.400000000000006
17.0 38.0 45.14285714285714
18.0 38.0 44.82857142857143
19.0 38.0 44.457142857142856
20.0 38.0 44.028571428571425
21.0 38.0 43.542857142857144
22.0 38.0 43.0
23.0 38.0 42.4
24.0 38.0 41.74285714285715
25.0 38.0 41.028571428571425
26.0 38.0 40.25714285714286
27.0 38.0 39.42857142857143
28.0 38.0 38.542857142857144
29.0 38.0 37.6
30.0 38.0 36.6
31.0 38.0 35.542857142857144
32.0 38.0 34.42857142857143
33.0 38.0 33.25714285714286
34.0 38.0 32.028571428571425
35.0 38.0 30.742857142857147
36.0 38.0 29.400000000000006
37.0 38.0 28.0
38.0 38.0 26.542857142857144
39.0 38.0 25.028571428571425
40.0 38.0 23.457142857142856
41.0 38.0 21.82857142857143
42.0 38.0 20.14285714285714
43.0 38.0 18.400000000000006
44.0 38.0 16.6
45.0 38.0 14.742857142857147
46.0 38.0 12.828571428571422
47.0 38.0 10.857142857142861
48.0 38.0 8.828571428571422
49.0 38.0 6.742857142857147

0.0 39.0 39.85
1.0 39.0 40.50714285714286
2.0 39.0 41.10714285714286
3.0 39.0 41.650000000000006
4.0 39.0 42.135714285714286
5.0 39.0 42.56428571428572
6.0 39.0 42.93571428571428
7.0 39.0 43.25
8.0 39.0 43.50714285714286
9.0 39.0 43.707142857142856
10.0 39.0 43.85
11.0 39.0 43.93571428571428
12.0 39.0 43.964285714285715
13.0 39.0 43.93571428571428
14.0 39.0 43.85
15.0 39.0 43.707142857142856
16.0 39.0 43.50714285714286
17.0 39.0 43.25
18.0 39.0 42.93571428571428
19.0 39.0 42.56428571428572
20.0 39.0 42.135714285714286
21.0 39.0 41.650000000000006
22.0 39.0 41.10714285714286
23.0 39.0 40.50714285714286
24.0 39.0 39.85
25.0 39.0 39.135714285714286
26.0 39.0 38.364285714285714
27.0 39.0 37.535714285714285
28.0 39.0 36.65
29.0 39.0 35.707142857142856
30.0 39.0 34.707142857142856
31.0 39.0 33.65
32.0 39.0 32.535714285714285
33.0 39.0 31.364285714285714
34.0 39.0 30.135714285714286
35.0 39.0 28.85
36.0 39.0 27.50714285714286
37.0 39.0 26.10714285714286
38.0 39.0 24.650000000000006
39.0 39.0 23.135714285714286
40.0 39.0 21.564285714285717
41.0 39.0 19.935714285714283
42.0 39.0 18.25
43.0 39.0 16.50714285714286
44.0 39.0 14.707142857142856
45.0 39.0 12.850000000000001
46.0 39.0 10.935714285714283
47.0 39.0 8.964285714285715
48.0 39.0 6.935714285714283
49.0 39.0 4.849999999999994

