0.0 0.0 51.91937082521598
1.0 0.0 51.59610654645464
2.0 0.0 53.69124254460068
3.0 0.0 55.66956531709714
4.0 0.0 54.521446697565935
5.0 0.0 55.14402645891226
6.0 0.0 55.93155684519331
7.0 0.0 57.383964532884505
8.0 0.0 53.50905265701375
9.0 0.0 53.85834828862229
10.0 0.0 55.049017251656025
11.0 0.0 57.25897711889611
12.0 0.0 57.57576649542478
13.0 0.0 54.410252342803304
14.0 0.0 56.37827072692703
15.0 0.0 53.67952144908034
16.0 0.0 56.26756096991479
17.0 0.0 55.959034291909866
18.0 0.0 56.73020228565706
19.0 0.0 53.022976295361865
20.0 0.0 53.81714924523941
21.0 0.0 55.733763931865624
22.0 0.0 54.06291012760115
23.0 0.0 68.28955482718584
24.0 0.0 72.9395965327906
25.0 0.0 71.97555179651748
26.0 0.0 71.99052750262015
27.0 0.0 67.65267121597822
28.0 0.0 57.01842253864735
29.0 0.0 57.55202684477349
30.0 0.0 58.03673853793512
31.0 0.0 59.13847696588157
32.0 0.0 55.862637878857875
33.0 0.0 53.126616133077434
34.0 0.0 51.3096183880369
35.0 0.0 49.83703372823645
36.0 0.0 50.47430381017982
37.0 0.0 51.94614286978667
38.0 0.0 46.452339820321434
39.0 0.0 48.390538369038
40.0 0.0 43.240976194896405
41.0 0.0 42.18821376914072
42.0 0.0 39.657577794421215
43.0 0.0 37.86847151909553
44.0 0.0 36.08709011538572
45.0 0.0 34.519881533955584
46.0 0.0 32.769608524960994
47.0 0.0 29.93188266048525
48.0 0.0 26.51691060706299
49.0 0.0 25.46701021146729

0.0 1.0 55.78484701768381
1.0 1.0 52.74692201277207
2.0 1.0 56.01705260094229
3.0 1.0 58.247064334636434
4.0 1.0 59.39750064136202
5.0 1.0 58.84940918521921
6.0 1.0 58.101900651224206
7.0 1.0 59.40111689279865
8.0 1.0 55.480232326198525
9.0 1.0 58.08195220478126
10.0 1.0 60.89150079028871
11.0 1.0 59.473968055254275
12.0 1.0 60.62380000343679
13.0 1.0 61.7447464449354
14.0 1.0 60.8576359307218
15.0 1.0 56.428717536338965
16.0 1.0 56.49496316245661
17.0 1.0 59.04595495777807
18.0 1.0 57.669529075635616
19.0 1.0 59.06819276686688
20.0 1.0 59.37488585226017
21.0 1.0 58.67169693337872
22.0 1.0 56.19150598223476
23.0 1.0 72.01902201653948
24.0 1.0 72.53429038884
25.0 1.0 69.81305272662941
26.0 1.0 69.0960071070862
27.0 1.0 69.87310152117851
28.0 1.0 61.6706384306941
29.0 1.0 58.48960035310752
30.0 1.0 59.86674350686538
31.0 1.0 57.20322844215763
32.0 1.0 54.243712600406255
33.0 1.0 52.60975353245659
34.0 1.0 54.210019408793244
35.0 1.0 51.0580267616242
36.0 1.0 53.30925384151285
37.0 1.0 51.431194649074364
38.0 1.0 48.892826392838174
39.0 1.0 47.949181659775526
40.0 1.0 46.29409220568301
41.0 1.0 43.341247994204586
42.0 1.0 39.645972170719666
43.0 1.0 36.43901596500094
44.0 1.0 36.53393907157386
45.0 1.0 35.15566038553211
46.0 1.0 32.1891784863848
47.0 1.0 29.229523247775898
48.0 1.0 29.388682640049083
49.0 1.0 25.475377085414486

0.0 2.0 54.685338552101854
1.0 2.0 55.29311273478463
2.0 2.0 55.20535558202649
3.0 2.0 56.54876346423243
4.0 2.0 60.469274046818526
5.0 2.0 61.97730240197352
6.0 2.0 58.05793040142235
7.0 2.0 59.04096503401445
8.0 2.0 61.35034256940827
9.0 2.0 59.1610917746891
10.0 2.0 60.50664476961591
11.0 2.0 63.78405423893325
12.0 2.0 61.98440107593002
13.0 2.0 63.47539170421506
14.0 2.0 59.95145242390913
15.0 2.0 64.075687243302
16.0 2.0 59.92678023418716
17.0 2.0 60.31387714540201
18.0 2.0 60.66836658420528
19.0 2.0 57.746350983457816
20.0 2.0 56.597184457580305
21.0 2.0 57.83883865239232
22.0 2.0 58.20916960291686
23.0 2.0 66.66144528619728
24.0 2.0 68.32327077683657
25.0 2.0 67.69046897188505
26.0 2.0 66.61173728559325
27.0 2.0 67.90986126964916
28.0 2.0 59.83293495668187
29.0 2.0 58.82614463847508
30.0 2.0 58.97722608059841
31.0 2.0 58.233052183953546
32.0 2.0 54.95550282320392
33.0 2.0 55.29327262338456
34.0 2.0 53.06142508139756
35.0 2.0 53.56400257805066
36.0 2.0 51.45624555709044
37.0 2.0 48.16051614493974
38.0 2.0 48.11781194299962
39.0 2.0 46.23879948997601
40.0 2.0 48.417923269617056
41.0 2.0 42.04364911623916
42.0 2.0 39.460679309643254
43.0 2.0 40.6488011555788
44.0 2.0 38.63805156662446
45.0 2.0 33.55918866859489
46.0 2.0 34.493926404970416
47.0 2.0 30.39910980980776
48.0 2.0 28.350464998649063
49.0 2.0 26.05464677232748

0.0 3.0 57.03135587776935
1.0 3.0 59.106343581952835
2.0 3.0 60.260378891651456
3.0 3.0 63.105431044034844
4.0 3.0 62.07019011632657
5.0 3.0 63.10873010068
6.0 3.0 61.33635914031096
7.0 3.0 64.78484524241877
8.0 3.0 63.12421363543646
9.0 3.0 65.86642232930213
10.0 3.0 64.66991951958984
11.0 3.0 65.75679881424352
12.0 3.0 64.97316553236826
13.0 3.0 66.62818534692555
14.0 3.0 65.2845299735938
15.0 3.0 61.44170181109011
16.0 3.0 63.615029779868856
17.0 3.0 64.57011082854544
18.0 3.0 63.97726835438735
19.0 3.0 61.15134006605566
20.0 3.0 62.827150057789396
21.0 3.0 58.26492381904789
22.0 3.0 61.42545356541791
23.0 3.0 67.44148372123979
24.0 3.0 69.31797938982415
25.0 3.0 71.74758413614506
26.0 3.0 68.0446396217729
27.0 3.0 73.2980703217162
28.0 3.0 63.95062147747861
29.0 3.0 58.755610922606614
30.0 3.0 58.26840447199954
31.0 3.0 57.399192377275085
32.0 3.0 55.26179037643332
33.0 3.0 54.336851503304935
34.0 3.0 57.250434251005665
35.0 3.0 55.988582135043295
36.0 3.0 54.52469586115016
37.0 3.0 50.192172371075706
38.0 3.0 47.5110363139921
39.0 3.0 48.65069007577336
40.0 3.0 46.40199240627095
41.0 3.0 42.93449620001444
42.0 3.0 39.5860159959311
43.0 3.0 39.7279596536377
44.0 3.0 37.601112302368925
45.0 3.0 35.09978866308907
46.0 3.0 33.06727670401255
47.0 3.0 33.55361182398039
48.0 3.0 30.223310052765843
49.0 3.0 29.33934250946292

0.0 4.0 62.4320286651945
1.0 4.0 63.57064504639462
2.0 4.0 64.05392161989863
3.0 4.0 63.33274884865979
4.0 4.0 66.15282902073314
5.0 4.0 66.78148861067642
6.0 4.0 61.64229496012061
7.0 4.0 62.71621243188066
8.0 4.0 65.19091437608601
9.0 4.0 64.44184124242359
10.0 4.0 64.52321006912888
11.0 4.0 65.16020177280011
12.0 4.0 66.24889603909634
13.0 4.0 65.25598173422645
14.0 4.0 67.86811983044021
15.0 4.0 65.15417943846583
16.0 4.0 66.1665381604273
17.0 4.0 61.94112041500983
18.0 4.0 63.43379099801492
19.0 4.0 64.49196348821992
20.0 4.0 62.45266292843712
21.0 4.0 60.97933317609687
22.0 4.0 60.062311670656136
23.0 4.0 68.32386917483065
24.0 4.0 67.08353567473624
25.0 4.0 68.74046481271924
26.0 4.0 67.53441176893905
27.0 4.0 73.4613498773649
28.0 4.0 62.55443177202221
29.0 4.0 58.799310222118955
30.0 4.0 59.65230238052772
31.0 4.0 61.475870086195876
32.0 4.0 60.35091771643829
33.0 4.0 58.531106979253224
34.0 4.0 53.84501806233764
35.0 4.0 53.27469362287488
36.0 4.0 55.034188506604316
37.0 4.0 53.42578232656369
38.0 4.0 49.453216748131986
39.0 4.0 47.038553270399376
40.0 4.0 49.381877252818434
41.0 4.0 45.49764175649948
42.0 4.0 40.7877688433817
43.0 4.0 42.01938770117305
44.0 4.0 38.44412597026653
45.0 4.0 38.26413109445942
46.0 4.0 34.744870649901955
47.0 4.0 31.89261372674269
48.0 4.0 30.555428035295915
49.0 4.0 29.86309354811201

0.0 5.0 61.1274401738026
1.0 5.0 61.787864669926414
2.0 5.0 66.94593650053415
3.0 5.0 63.06564285781735
4.0 5.0 66.38334147257937
5.0 5.0 66.32170647382104
6.0 5.0 65.34446473363647
7.0 5.0 65.25386379673807
8.0 5.0 64.98110347223184
9.0 5.0 67.45932818283023
10.0 5.0 66.27419824319065
11.0 5.0 65.67882918296698
12.0 5.0 69.79551815397858
13.0 5.0 65.35970670907535
14.0 5.0 69.65862871152682
15.0 5.0 66.94887834349358
16.0 5.0 64.9213072548018
17.0 5.0 68.46987092829073
18.0 5.0 65.54578987885947
19.0 5.0 64.99417437448658
20.0 5.0 62.724983481083314
21.0 5.0 66.19818954962984
22.0 5.0 61.76893076553981
23.0 5.0 71.39656252614655
24.0 5.0 69.60306616425092
25.0 5.0 68.41746931420481
26.0 5.0 69.99246446740328
27.0 5.0 68.10024173246516
28.0 5.0 63.06246617177826
29.0 5.0 63.016777913934334
30.0 5.0 61.72914473463177
31.0 5.0 56.78523698947459
32.0 5.0 56.62373121674376
33.0 5.0 56.873455482100425
34.0 5.0 56.78069083267364
35.0 5.0 51.942605493564876
36.0 5.0 55.425893995822136
37.0 5.0 53.4397893784393
38.0 5.0 52.52774182747555
39.0 5.0 47.861889522162784
40.0 5.0 49.38052125147465
41.0 5.0 44.679887880209016
42.0 5.0 41.69584906719897
43.0 5.0 41.31212691400361
44.0 5.0 37.54989090262789
45.0 5.0 38.22801966278104
46.0 5.0 34.176320989352455
47.0 5.0 34.910983313068705
48.0 5.0 30.146420148428952
49.0 5.0 29.32379109068705

0.0 6.0 63.74126601135656
1.0 6.0 62.70885439596984
2.0 6.0 68.70805556451975
3.0 6.0 65.95092536222347
4.0 6.0 66.42239413789008
5.0 6.0 65.04501859931729
6.0 6.0 70.22518045352811
7.0 6.0 71.99100861882664
8.0 6.0 68.47816923227491
9.0 6.0 71.94871157661971
10.0 6.0 70.73326460051821
11.0 6.0 72.96855815158395
12.0 6.0 73.0254030147994
13.0 6.0 67.87103966206094
14.0 6.0 72.60068524530688
15.0 6.0 71.39203746682259
16.0 6.0 72.45428089969131
17.0 6.0 68.27579647998193
18.0 6.0 67.07074042245871
19.0 6.0 66.06818326441095
20.0 6.0 67.66511359005783
21.0 6.0 68.28484862471893
22.0 6.0 65.98208979637931
23.0 6.0 72.76122842136236
24.0 6.0 70.68058246417058
25.0 6.0 66.79136680294768
26.0 6.0 67.73168718281276
27.0 6.0 70.3683037704942
28.0 6.0 64.08900235497877
29.0 6.0 62.04930927019474
30.0 6.0 58.1621732345788
31.0 6.0 57.03270609928447
32.0 6.0 57.22025855405821
33.0 6.0 54.988791726849726
34.0 6.0 58.764654811419476
35.0 6.0 53.1121884587873
36.0 6.0 51.14835979176422
37.0 6.0 50.325680646593355
38.0 6.0 52.3345845657822
39.0 6.0 49.08531730874358
40.0 6.0 48.684073752002774
41.0 6.0 45.3640971537199
42.0 6.0 41.80953247145394
43.0 6.0 40.38598540618937
44.0 6.0 37.767883460785036
45.0 6.0 38.229962526617776
46.0 6.0 36.67676648248415
47.0 6.0 32.11712287172465
48.0 6.0 31.734789480368853
49.0 6.0 29.086491562235373

0.0 7.0 63.16126687784862
1.0 7.0 65.22314033997237
2.0 7.0 65.98761499069529
3.0 7.0 68.81452640872652
4.0 7.0 70.41648960210624
5.0 7.0 66.61490261663342
6.0 7.0 71.57945899173569
7.0 7.0 72.25802123778527
8.0 7.0 68.78960019491447
9.0 7.0 67.92720309027254
10.0 7.0 73.84206004125397
11.0 7.0 73.35431826936808
12.0 7.0 70.67853224802587
13.0 7.0 72.66832365854792
14.0 7.0 70.80309326510503
15.0 7.0 72.33293239184934
16.0 7.0 69.54571636292854
17.0 7.0 66.98740987634538
18.0 7.0 69.95286730886757
19.0 7.0 72.36851083655823
20.0 7.0 71.37584393730732
21.0 7.0 70.34941578624293
22.0 7.0 64.87703177019792
23.0 7.0 68.58153940323622
24.0 7.0 71.22129332538489
25.0 7.0 70.5474754307326
26.0 7.0 69.06112504636928
27.0 7.0 67.97889918168205
28.0 7.0 60.21330346811476
29.0 7.0 61.550229800848214
30.0 7.0 57.75722923805875
31.0 7.0 57.3113612477694
32.0 7.0 56.3975114770027
33.0 7.0 55.751549597877776
34.0 7.0 56.72553963078798
35.0 7.0 52.95352658913755
36.0 7.0 54.29781169107432
37.0 7.0 51.22821045021251
38.0 7.0 49.003687278239234
39.0 7.0 51.86231831306608
40.0 7.0 50.318346518124784
41.0 7.0 46.28818498362039
42.0 7.0 43.827757895926936
43.0 7.0 41.42058534314776
44.0 7.0 38.37744050909617
45.0 7.0 37.39494926476047
46.0 7.0 34.88510776399918
47.0 7.0 33.271526482805896
48.0 7.0 32.2219423279601
49.0 7.0 31.13259477724557

0.0 8.0 64.80918952807056
1.0 8.0 68.09720867997676
2.0 8.0 66.93353972848692
3.0 8.0 72.42498931332297
4.0 8.0 70.70153108243235
5.0 8.0 72.24207095400854
6.0 8.0 72.27752113115363
7.0 8.0 73.4718120399062
8.0 8.0 75.00288824732306
9.0 8.0 70.82705324542205
10.0 8.0 72.1342307047797
11.0 8.0 75.52939618350007
12.0 8.0 77.48817891178392
13.0 8.0 73.73547249782796
14.0 8.0 71.68050071383009
15.0 8.0 73.99246471248735
16.0 8.0 69.78525175497266
17.0 8.0 74.9268172665395
18.0 8.0 70.13292111771756
19.0 8.0 72.41391255740929
20.0 8.0 67.36298893890057
21.0 8.0 66.4098736834654
22.0 8.0 65.7835997853636
23.0 8.0 64.83925285785645
24.0 8.0 66.53990551500775
25.0 8.0 71.5963678884832
26.0 8.0 68.66969597306577
27.0 8.0 62.98663944209987
28.0 8.0 64.82843519515625
29.0 8.0 59.799814255550196
30.0 8.0 62.88858829148712
31.0 8.0 56.88261648902071
32.0 8.0 58.570689298152054
33.0 8.0 57.981325575807965
34.0 8.0 56.434235904436896
35.0 8.0 63.30785584956992
36.0 8.0 65.5254752289216
37.0 8.0 63.29768406108336
38.0 8.0 66.86549956962887
39.0 8.0 66.24527319026127
40.0 8.0 63.5172591594068
41.0 8.0 61.002822398750595
42.0 8.0 44.14035157519099
43.0 8.0 42.30500678395484
44.0 8.0 41.18580881435612
45.0 8.0 38.61262645412424
46.0 8.0 37.711261827217285
47.0 8.0 35.483688416981956
48.0 8.0 33.54367627857675
49.0 8.0 30.01955779583517

0.0 9.0 69.37814940178326
1.0 9.0 66.14310234014259
2.0 9.0 71.5530803872721
3.0 9.0 69.04585479476235
4.0 9.0 69.77653475150278
5.0 9.0 68.28027571844898
6.0 9.0 68.54880662575025
7.0 9.0 73.06257586631868
8.0 9.0 75.9657230857433
9.0 9.0 81.5399797688717
10.0 9.0 85.59408723523275
11.0 9.0 86.73628218742941
12.0 9.0 81.80533766371084
13.0 9.0 88.24171317360398
14.0 9.0 83.49590468741901
15.0 9.0 78.44456661354607
16.0 9.0 78.06876943160636
17.0 9.0 78.41040203277609
18.0 9.0 74.16362644505489
19.0 9.0 73.66344690844949
20.0 9.0 69.50983315261645
21.0 9.0 72.70978581867314
22.0 9.0 68.24216670768415
23.0 9.0 65.55362936645733
24.0 9.0 73.39958921023198
25.0 9.0 72.98650602144276
26.0 9.0 73.41663917515028
27.0 9.0 60.5623008909115
28.0 9.0 64.67670967270536
29.0 9.0 61.566009515720566
30.0 9.0 61.23912143015875
31.0 9.0 61.63740863229436
32.0 9.0 58.10022407948761
33.0 9.0 66.6120704911708
34.0 9.0 66.16210913312261
35.0 9.0 71.18751846909524
36.0 9.0 74.15230737333246
37.0 9.0 70.82943664999098
38.0 9.0 72.79091799775348
39.0 9.0 74.68988670834747
40.0 9.0 68.9749202531192
41.0 9.0 70.18676801895246
42.0 9.0 64.23430123113607
43.0 9.0 63.719709222503425
44.0 9.0 61.36120216487884
45.0 9.0 37.185046076246955
46.0 9.0 36.29322015118619
47.0 9.0 33.374439301831956
48.0 9.0 32.19007196892653
49.0 9.0 31.029898552229305

0.0 10.0 66.39124773728473
1.0 10.0 69.7152203287838
2.0 10.0 71.30402590556115
3.0 10.0 72.57063579964117
4.0 10.0 70.93625579174486
5.0 10.0 69.59414971191586
6.0 10.0 73.68758949449128
7.0 10.0 80.62469684616201
8.0 10.0 89.64478129579709
9.0 10.0 87.3078353181163
10.0 10.0 90.9417442606396
11.0 10.0 93.81756136309328
12.0 10.0 90.27192650709011
13.0 10.0 95.69901880411246
14.0 10.0 94.69763470041043
15.0 10.0 85.56570016703263
16.0 10.0 86.04588125388743
17.0 10.0 82.95088844545165
18.0 10.0 80.14342852874371
19.0 10.0 70.82061709531155
20.0 10.0 70.73486326641003
21.0 10.0 72.65776777012978
22.0 10.0 71.4779277538093
23.0 10.0 70.72908655775734
24.0 10.0 70.51405858804341
25.0 10.0 67.83823573068823
26.0 10.0 71.72788291487792
27.0 10.0 61.71656906050571
28.0 10.0 62.64885145011145
29.0 10.0 63.507642967118656
30.0 10.0 62.21281703339431
31.0 10.0 60.79982911258461
32.0 10.0 68.82055167272844
33.0 10.0 72.6768430326935
34.0 10.0 71.0861733795723
35.0 10.0 74.67143917789326
36.0 10.0 77.48347270940425
37.0 10.0 76.41255906398337
38.0 10.0 78.21451004018928
39.0 10.0 81.83543986530213
40.0 10.0 77.5759349632567
41.0 10.0 75.57134730581167
42.0 10.0 72.45950699472871
43.0 10.0 68.65575765264408
44.0 10.0 68.52968489617417
45.0 10.0 61.44435159571051
46.0 10.0 37.262401332315825
47.0 10.0 34.60966143043427
48.0 10.0 31.855344019889728
49.0 10.0 29.209052457352627

0.0 11.0 65.95600629616494
1.0 11.0 71.41773955203551
2.0 11.0 72.4709176663148
3.0 11.0 69.9045100454545
4.0 11.0 72.41371130891766
5.0 11.0 77.75960778906077
6.0 11.0 79.44744890409889
7.0 11.0 87.88587328954398
8.0 11.0 92.07253714562917
9.0 11.0 90.56703960041729
10.0 11.0 96.226852729877
11.0 11.0 92.94839001300498
12.0 11.0 100.0848287714074
13.0 11.0 98.44311352152896
14.0 11.0 98.49144683641151
15.0 11.0 97.51047387060811
16.0 11.0 87.90902854633262
17.0 11.0 86.39388266595903
18.0 11.0 84.99371458910939
19.0 11.0 78.84616771793482
20.0 11.0 68.71674212595777
21.0 11.0 73.63024669167793
22.0 11.0 67.73263686806705
23.0 11.0 66.55715128517633
24.0 11.0 69.39469102670812
25.0 11.0 69.31579762766415
26.0 11.0 65.58274476207832
27.0 11.0 65.08444409353957
28.0 11.0 61.470609821580936
29.0 11.0 61.95117660826109
30.0 11.0 60.6040963688404
31.0 11.0 64.44656716794364
32.0 11.0 67.01295564830205
33.0 11.0 74.91154488645498
34.0 11.0 79.21682058178085
35.0 11.0 77.85736914739995
36.0 11.0 78.3774211917057
37.0 11.0 81.16021624994097
38.0 11.0 81.43804703824208
39.0 11.0 80.59494421661226
40.0 11.0 84.59503163188104
41.0 11.0 76.1541306899612
42.0 11.0 76.9091354277988
43.0 11.0 75.49845262624552
44.0 11.0 66.7295738424564
45.0 11.0 67.35749295514448
46.0 11.0 61.99611999238645
47.0 11.0 35.15181497411509
48.0 11.0 34.542116485022824
49.0 11.0 31.735516535284457

0.0 12.0 71.02727793647175
1.0 12.0 71.56847785928613
2.0 12.0 69.83789428556814
3.0 12.0 69.57694352910033
4.0 12.0 70.49271046093318
5.0 12.0 80.41483398465904
6.0 12.0 82.20697609186593
7.0 12.0 84.13465136221171
8.0 12.0 96.27272648381702
9.0 12.0 95.3590391474909
10.0 12.0 99.21228804384116
11.0 12.0 100.6754221011784
12.0 12.0 99.39472778246716
13.0 12.0 102.37285416857728
14.0 12.0 101.83825114324037
15.0 12.0 92.5245930721346
16.0 12.0 93.94021397301968
17.0 12.0 89.75116661947386
18.0 12.0 85.77758307752929
19.0 12.0 81.41584383991058
20.0 12.0 71.85525042543044
21.0 12.0 71.33823498730467
22.0 12.0 67.65844874861753
23.0 12.0 68.77363385460669
24.0 12.0 66.20508102679803
25.0 12.0 65.16768256881466
26.0 12.0 65.46952944791876
27.0 12.0 62.47140201210487
28.0 12.0 61.840962529219155
29.0 12.0 65.0701969417953
30.0 12.0 59.517916025323
31.0 12.0 68.28624168763355
32.0 12.0 72.92414708641563
33.0 12.0 76.49974073763497
34.0 12.0 79.1478823869119
35.0 12.0 77.92101994017759
36.0 12.0 83.22521005267546
37.0 12.0 82.10608977847082
38.0 12.0 88.59864531606613
39.0 12.0 81.62928151964793
40.0 12.0 87.17265177065974
41.0 12.0 82.56817894726468
42.0 12.0 79.54581483370829
43.0 12.0 72.51919162141013
44.0 12.0 68.8211565327848
45.0 12.0 66.08234809810648
46.0 12.0 62.583877411537514
47.0 12.0 33.739128058586736
48.0 12.0 31.920492913316394
49.0 12.0 30.52572759596596

0.0 13.0 69.39475334797596
1.0 13.0 72.58270012236538
2.0 13.0 70.0818199244528
3.0 13.0 72.13121558062585
4.0 13.0 69.8926097015019
5.0 13.0 75.53599474485647
6.0 13.0 81.48354524289506
7.0 13.0 84.07613383254427
8.0 13.0 86.68578221661045
9.0 13.0 97.65312195931108
10.0 13.0 98.41888684685502
11.0 13.0 95.23041833420186
12.0 13.0 98.11149623007091
13.0 13.0 99.16408763354724
14.0 13.0 97.55149167682971
15.0 13.0 92.40716314555107
16.0 13.0 87.0913496252984
17.0 13.0 85.79866088308127
18.0 13.0 78.72481710912706
19.0 13.0 78.98787152249375
20.0 13.0 69.86369250966543
21.0 13.0 72.2994895531402
22.0 13.0 69.95123945040066
23.0 13.0 68.6641154455547
24.0 13.0 69.72119045282624
25.0 13.0 67.081489449435
26.0 13.0 67.5757233708396
27.0 13.0 63.373953388024
28.0 13.0 61.62016500579132
29.0 13.0 63.51224419140407
30.0 13.0 60.61205647435992
31.0 13.0 66.18421561831734
32.0 13.0 71.93669295380043
33.0 13.0 70.9666561908242
34.0 13.0 80.5520748681409
35.0 13.0 78.79067085873143
36.0 13.0 80.13760454771491
37.0 13.0 83.20885044537616
38.0 13.0 86.0546991976568
39.0 13.0 79.3063945217672
40.0 13.0 84.32757182389291
41.0 13.0 78.03018095259272
42.0 13.0 75.7896464298965
43.0 13.0 71.33281195608085
44.0 13.0 69.52572332499298
45.0 13.0 63.354721838168885
46.0 13.0 58.479330307257015
47.0 13.0 35.84892572490056
48.0 13.0 33.2436751141493
49.0 13.0 32.33681216531594

0.0 14.0 66.92041581472228
1.0 14.0 71.70111152169062
2.0 14.0 69.35900322437173
3.0 14.0 71.6703856911723
4.0 14.0 72.40622134863739
5.0 14.0 69.09291981305752
6.0 14.0 74.07875990819376
7.0 14.0 84.30029202566243
8.0 14.0 81.78648466236591
9.0 14.0 89.17231401152232
10.0 14.0 90.57033871570475
11.0 14.0 88.46853661304165
12.0 14.0 91.14891903696363
13.0 14.0 92.92944857332557
14.0 14.0 89.30328441352226
15.0 14.0 86.93782251173637
16.0 14.0 83.72735059169092
17.0 14.0 78.02190572547009
18.0 14.0 76.34013763841428
19.0 14.0 69.15365964619923
20.0 14.0 72.69201000710137
21.0 14.0 74.28884652788003
22.0 14.0 70.86817036541878
23.0 14.0 66.39147292108177
24.0 14.0 63.072251395145244
25.0 14.0 68.02059989523141
26.0 14.0 66.09701724878252
27.0 14.0 60.99931506632079
28.0 14.0 61.887704130335834
29.0 14.0 59.35188109547613
30.0 14.0 58.40985715692979
31.0 14.0 60.04510342492496
32.0 14.0 65.75364650381631
33.0 14.0 67.31076209104607
34.0 14.0 71.19193236382347
35.0 14.0 79.05351552435566
36.0 14.0 77.21594928977106
37.0 14.0 79.36334558003107
38.0 14.0 82.99678354481647
39.0 14.0 80.54225257514682
40.0 14.0 78.14569705288618
41.0 14.0 74.40294260074421
42.0 14.0 76.27691724625768
43.0 14.0 72.8509082352994
44.0 14.0 67.48349287457074
45.0 14.0 61.43342321121549
46.0 14.0 36.754006121952635
47.0 14.0 33.25428578323514
48.0 14.0 34.38365156657549
49.0 14.0 29.31072964403116

0.0 15.0 65.92525650843076
1.0 15.0 70.11771729445438
2.0 15.0 70.84550066300808
3.0 15.0 73.07662582949746
4.0 15.0 69.27365507515772
5.0 15.0 70.74901095472816
6.0 15.0 68.73255954345595
7.0 15.0 73.92075989251369
8.0 15.0 76.2993976103926
9.0 15.0 82.01321473398255
10.0 15.0 83.07808736841706
11.0 15.0 86.94388150799772
12.0 15.0 85.90996773357767
13.0 15.0 82.19180679306868
14.0 15.0 81.37003697710215
15.0 15.0 83.3144332026871
16.0 15.0 77.68774538002396
17.0 15.0 73.83740959211052
18.0 15.0 73.1492891553102
19.0 15.0 70.08496155790499
20.0 15.0 74.09191864915877
21.0 15.0 68.95896179925187
22.0 15.0 68.65271758355918
23.0 15.0 65.26786951175829
24.0 15.0 62.732542243600726
25.0 15.0 64.88000897708443
26.0 15.0 62.82675767115786
27.0 15.0 63.01804794325275
28.0 15.0 65.75133626656184
29.0 15.0 61.67132489999686
30.0 15.0 62.09070096443541
31.0 15.0 61.3763443635421
32.0 15.0 59.30122355932172
33.0 15.0 63.93929750962635
34.0 15.0 63.90872984127089
35.0 15.0 68.0141522414638
36.0 15.0 67.67872639892283
37.0 15.0 68.6825684360705
38.0 15.0 74.93800060290698
39.0 15.0 75.11455938172696
40.0 15.0 72.35478537538627
41.0 15.0 70.17031240978515
42.0 15.0 69.57861168763019
43.0 15.0 62.95305069542589
44.0 15.0 61.82561133372115
45.0 15.0 38.039999457382834
46.0 15.0 34.939070867126304
47.0 15.0 33.44014080073757
48.0 15.0 31.755682594357236
49.0 15.0 29.132148113313455

0.0 16.0 66.61532687659533
1.0 16.0 70.89907527892854
2.0 16.0 68.28825131031283
3.0 16.0 68.16534431644075
4.0 16.0 67.67476462903406
5.0 16.0 72.29486533903997
6.0 16.0 70.32841297265837
7.0 16.0 70.35119528953403
8.0 16.0 72.38724289343376
9.0 16.0 70.25150590869204
10.0 16.0 72.81796599871883
11.0 16.0 77.8885882419628
12.0 16.0 75.48444229713762
13.0 16.0 77.94808748499085
14.0 16.0 76.88782995074769
15.0 16.0 71.26745736971154
16.0 16.0 73.76578573813632
17.0 16.0 75.14526090637953
18.0 16.0 71.43081857113573
19.0 16.0 69.05181760796451
20.0 16.0 73.32674187028404
21.0 16.0 69.63041749186587
22.0 16.0 68.31705167904443
23.0 16.0 63.358217530473496
24.0 16.0 63.134191255363675
25.0 16.0 64.36909404747519
26.0 16.0 64.50526730143538
27.0 16.0 62.32060393856679
28.0 16.0 61.30182847386779
29.0 16.0 61.327905328767656
30.0 16.0 59.70558114827568
31.0 16.0 60.171460192152814
32.0 16.0 59.83797622367571
33.0 16.0 57.38133211846366
34.0 16.0 56.322483062107196
35.0 16.0 63.195400461193245
36.0 16.0 60.68052879208041
37.0 16.0 60.914863077976186
38.0 16.0 65.02970952567816
39.0 16.0 64.6756534920098
40.0 16.0 63.684849965755724
41.0 16.0 61.18596824514462
42.0 16.0 41.901042384669054
43.0 16.0 40.024173427843266
44.0 16.0 41.76917708432879
45.0 16.0 37.604789553932434
46.0 16.0 35.710464347955366
47.0 16.0 33.33975884015036
48.0 16.0 33.55808765696465
49.0 16.0 29.57646595908324

0.0 17.0 64.94099916324498
1.0 17.0 64.6514430717898
2.0 17.0 69.31406555011169
3.0 17.0 66.10831896393157
4.0 17.0 71.92529421537017
5.0 17.0 71.65131896823522
6.0 17.0 70.74584350330501
7.0 17.0 69.3696550416957
8.0 17.0 70.32353151787892
9.0 17.0 68.2073559179268
10.0 17.0 73.61502314736187
11.0 17.0 74.11673689857106
12.0 17.0 73.52240774010792
13.0 17.0 70.05280634449588
14.0 17.0 68.2887772732624
15.0 17.0 68.37050992429619
16.0 17.0 70.52912912830325
17.0 17.0 71.94481657536855
18.0 17.0 70.34715792469156
19.0 17.0 69.43896230451
20.0 17.0 65.59620977523475
21.0 17.0 64.05939285882039
22.0 17.0 63.53614144780979
23.0 17.0 64.2742199556013
24.0 17.0 63.631702526306036
25.0 17.0 66.43236374068806
26.0 17.0 66.23879089023616
27.0 17.0 62.70869754193204
28.0 17.0 65.41757147868083
29.0 17.0 58.868739351855666
30.0 17.0 62.528881890405074
31.0 17.0 62.46543800852046
32.0 17.0 55.702169059362156
33.0 17.0 58.796464089221004
34.0 17.0 58.952031746599836
35.0 17.0 56.051744439096765
36.0 17.0 52.57844874897204
37.0 17.0 49.78779541997326
38.0 17.0 48.4995826118882
39.0 17.0 46.88754176207394
40.0 17.0 47.55901928215755
41.0 17.0 46.49992389342841
42.0 17.0 41.4794888747975
43.0 17.0 42.87018654924982
44.0 17.0 38.539280539230155
45.0 17.0 38.37807378094017
46.0 17.0 37.197579397182004
47.0 17.0 35.22971199651721
48.0 17.0 32.68551267382193
49.0 17.0 28.885806877520327

0.0 18.0 61.45567600282837
1.0 18.0 66.85221844908939
2.0 18.0 63.6106847140957
3.0 18.0 63.42046543679029
4.0 18.0 64.41059257952794
5.0 18.0 68.59933312549684
6.0 18.0 68.47489394085135
7.0 18.0 69.72035178614226
8.0 18.0 66.19539370104795
9.0 18.0 72.33487953403667
10.0 18.0 70.89902833198789
11.0 18.0 70.59482723437814
12.0 18.0 68.46598987696461
13.0 18.0 68.06073528523125
14.0 18.0 68.8600269287491
15.0 18.0 66.3130758080326
16.0 18.0 69.43461992707705
17.0 18.0 70.66584150981284
18.0 18.0 70.64831388826201
19.0 18.0 65.03852336439851
20.0 18.0 69.17485073508483
21.0 18.0 68.33082999163969
22.0 18.0 65.42860325420116
23.0 18.0 64.05061798889666
24.0 18.0 64.40938480152201
25.0 18.0 63.44142878464912
26.0 18.0 64.81768979466044
27.0 18.0 63.01859051356956
28.0 18.0 61.22715738588486
29.0 18.0 60.50928698985302
30.0 18.0 60.700249187018215
31.0 18.0 58.097121520257986
32.0 18.0 58.05706263544313
33.0 18.0 55.47374502174241
34.0 18.0 53.860251623181306
35.0 18.0 55.46498745037229
36.0 18.0 53.61632061701219
37.0 18.0 48.38252930254925
38.0 18.0 49.06041457894616
39.0 18.0 47.33355876119158
40.0 18.0 47.1686304606508
41.0 18.0 43.59413366737521
42.0 18.0 41.70078122094745
43.0 18.0 40.41410957873559
44.0 18.0 38.46591405170613
45.0 18.0 35.95185957795454
46.0 18.0 34.1700301502555
47.0 18.0 34.66223087217204
48.0 18.0 30.805859094756048
49.0 18.0 30.14128363545882

0.0 19.0 63.01460081096615
1.0 19.0 63.11030973852995
2.0 19.0 61.67943360726034
3.0 19.0 67.3441778663752
4.0 19.0 65.14067417161273
5.0 19.0 66.96010788232964
6.0 19.0 67.67626495612804
7.0 19.0 69.34400585876436
8.0 19.0 68.67092256844872
9.0 19.0 66.68994494711673
10.0 19.0 66.40893084053153
11.0 19.0 66.65527806427211
12.0 19.0 69.59860017004426
13.0 19.0 67.22918560871453
14.0 19.0 70.83332808345156
15.0 19.0 68.50736295568873
16.0 19.0 64.23432981042215
17.0 19.0 64.04459538945582
18.0 19.0 69.03340009958558
19.0 19.0 64.4352451025335
20.0 19.0 68.88766874534373
21.0 19.0 64.00262344472112
22.0 19.0 67.89122122988948
23.0 19.0 64.29627364954747
24.0 19.0 63.48382934975996
25.0 19.0 61.722608073797225
26.0 19.0 65.35595369229301
27.0 19.0 60.39821463128206
28.0 19.0 63.154036086586146
29.0 19.0 58.38672829979308
30.0 19.0 57.98037445423865
31.0 19.0 57.53391895135416
32.0 19.0 56.918002155047034
33.0 19.0 54.01768027309813
34.0 19.0 58.18662369808051
35.0 19.0 55.60171678314607
36.0 19.0 49.32969069004805
37.0 19.0 51.985670447555734
38.0 19.0 50.18077863392975
39.0 19.0 48.21126105612184
40.0 19.0 46.222291110837716
41.0 19.0 42.252264836361945
42.0 19.0 40.86809398356039
43.0 19.0 40.55063319242788
44.0 19.0 39.583715353863454
45.0 19.0 38.32251689156346
46.0 19.0 33.496778384526074
47.0 19.0 33.47605446348371
48.0 19.0 31.164856775927188
49.0 19.0 28.382673661502228

0.0 20.0 59.85261992204303
1.0 20.0 60.01642965274718
2.0 20.0 62.362416044184535
3.0 20.0 63.42319860580136
4.0 20.0 66.43714677111622
5.0 20.0 61.45416022762321
6.0 20.0 66.41531220189754
7.0 20.0 66.94021166628376
8.0 20.0 63.16420217484803
9.0 20.0 65.32143285030024
10.0 20.0 66.51532485204861
11.0 20.0 65.97143611997498
12.0 20.0 67.46230191471368
13.0 20.0 65.70758053682881
14.0 20.0 63.03739184327532
15.0 20.0 65.94954235157178
16.0 20.0 66.3399739486995
17.0 20.0 70.86672923475243
18.0 20.0 67.56100579827987
19.0 20.0 64.38463726131805
20.0 20.0 68.31002779313324
21.0 20.0 67.29044786108614
22.0 20.0 62.93120108196342
23.0 20.0 67.28773569739957
24.0 20.0 62.15418120847847
25.0 20.0 65.8598103176028
26.0 20.0 62.63972760428321
27.0 20.0 64.58024501044466
28.0 20.0 63.564495646810634
29.0 20.0 58.685465264614564
30.0 20.0 56.96705980930203
31.0 20.0 57.81688053635348
32.0 20.0 54.97308103129046
33.0 20.0 56.992358695776986
34.0 20.0 51.32773137750364
35.0 20.0 52.527015909527556
36.0 20.0 50.53128920005968
37.0 20.0 47.93695268116273
38.0 20.0 48.285070791012274
39.0 20.0 48.68522711966116
40.0 20.0 43.25478626697856
41.0 20.0 44.48863596134905
42.0 20.0 43.33522967688231
43.0 20.0 39.281133402568585
44.0 20.0 38.38815000116112
45.0 20.0 36.200990342478605
46.0 20.0 35.49682021908736
47.0 20.0 33.59010254764453
48.0 20.0 31.65280297816101
49.0 20.0 29.41145081745745

0.0 21.0 56.70526944536959
1.0 21.0 58.145735224729655
2.0 21.0 63.215901127922194
3.0 21.0 61.07482730083146
4.0 21.0 59.28973272511151
5.0 21.0 59.73735664057775
6.0 21.0 60.45417473857269
7.0 21.0 60.87012130231747
8.0 21.0 62.25351034189091
9.0 21.0 64.59473117583111
10.0 21.0 63.68576310668834
11.0 21.0 62.850923962643
12.0 21.0 64.25616561530656
13.0 21.0 64.83306714966413
14.0 21.0 64.9647932982811
15.0 21.0 70.88238144859672
16.0 21.0 67.72828507995727
17.0 21.0 65.95234229847334
18.0 21.0 70.34647992454327
19.0 21.0 66.9208862847122
20.0 21.0 64.43037169522046
21.0 21.0 64.23290811370038
22.0 21.0 63.96512191548475
23.0 21.0 64.4434916781396
24.0 21.0 65.32111750398063
25.0 21.0 61.929114567345714
26.0 21.0 65.56849243814841
27.0 21.0 59.870099488379665
28.0 21.0 62.289133411555056
29.0 21.0 57.6499027991597
30.0 21.0 60.87790760020173
31.0 21.0 59.92911000648465
32.0 21.0 59.62792716186506
33.0 21.0 55.74531317769669
34.0 21.0 51.69217132356288
35.0 21.0 53.76891537299869
36.0 21.0 48.344935894009495
37.0 21.0 50.8638499087175
38.0 21.0 48.922588682710284
39.0 21.0 48.52765504229476
40.0 21.0 46.343261557722954
41.0 21.0 42.64071480892379
42.0 21.0 42.64945894704491
43.0 21.0 38.154160928077985
44.0 21.0 37.32655132443786
45.0 21.0 36.96448777829044
46.0 21.0 34.932164857167635
47.0 21.0 30.976399220339232
48.0 21.0 30.721590381830808
49.0 21.0 27.14426768373958

0.0 22.0 56.57738872748937
1.0 22.0 55.09441176550467
2.0 22.0 58.01310916493004
3.0 22.0 58.744796597585236
4.0 22.0 58.250316593638054
5.0 22.0 59.273230126977445
6.0 22.0 58.329499573181714
7.0 22.0 59.25908305964133
8.0 22.0 58.522741736868355
9.0 22.0 59.48832244568506
10.0 22.0 59.11885576215579
11.0 22.0 59.197750116609825
12.0 22.0 62.97223918729581
13.0 22.0 65.87159930213664
14.0 22.0 68.5922428478063
15.0 22.0 70.58846306664765
16.0 22.0 65.24543115146187
17.0 22.0 64.78170630697942
18.0 22.0 67.57868022571154
19.0 22.0 64.72942176400088
20.0 22.0 64.3950200798942
21.0 22.0 67.98411553085401
22.0 22.0 64.67205758031234
23.0 22.0 61.04480063979881
24.0 22.0 65.63381119543865
25.0 22.0 63.2339836030546
26.0 22.0 63.21160956215126
27.0 22.0 63.62559675419012
28.0 22.0 61.06511040826793
29.0 22.0 61.390059374109725
30.0 22.0 58.34489842864656
31.0 22.0 57.12357779746487
32.0 22.0 57.36185764937426
33.0 22.0 51.95350655003594
34.0 22.0 52.09748996961429
35.0 22.0 51.740309865553975
36.0 22.0 51.93996507872412
37.0 22.0 49.54288502527761
38.0 22.0 49.20419963859628
39.0 22.0 44.95330978397842
40.0 22.0 43.049851203881275
41.0 22.0 41.92475450152589
42.0 22.0 39.99058694185197
43.0 22.0 37.11860709430989
44.0 22.0 37.10287838989543
45.0 22.0 34.78995681861632
46.0 22.0 33.443355504275274
47.0 22.0 32.82044236188058
48.0 22.0 30.2477030956033
49.0 22.0 27.114995470088704

0.0 23.0 54.87627375857571
1.0 23.0 53.9925834745629
2.0 23.0 55.38503773953144
3.0 23.0 57.038236789160756
4.0 23.0 57.10535298225263
5.0 23.0 59.66612134796692
6.0 23.0 57.997805739779544
7.0 23.0 60.76664089492869
8.0 23.0 56.444328704852715
9.0 23.0 57.86137561643634
10.0 23.0 55.81361512101781
11.0 23.0 66.29631553851014
12.0 23.0 68.37190263820116
13.0 23.0 65.25597978120157
14.0 23.0 68.72411216749477
15.0 23.0 67.89168247572385
16.0 23.0 66.73316078507509
17.0 23.0 65.90296616996349
18.0 23.0 63.98832217256285
19.0 23.0 68.44517347537739
20.0 23.0 68.47064482314775
21.0 23.0 63.879215551753184
22.0 23.0 61.2658711170539
23.0 23.0 64.08662103627711
24.0 23.0 63.42767843956633
25.0 23.0 59.473027534634724
26.0 23.0 59.73496390114418
27.0 23.0 63.88932937899571
28.0 23.0 60.74219685867628
29.0 23.0 57.93360008702482
30.0 23.0 55.79979207939626
31.0 23.0 57.108985970232155
32.0 23.0 54.94013136813123
33.0 23.0 54.97029082913884
34.0 23.0 53.672072689545345
35.0 23.0 50.406398361767174
36.0 23.0 49.04161793318947
37.0 23.0 45.91714924889491
38.0 23.0 48.49437889551712
39.0 23.0 43.711374064111894
40.0 23.0 44.8173502085312
41.0 23.0 39.820121669244394
42.0 23.0 41.741065324040036
43.0 23.0 38.7464614761549
44.0 23.0 34.97131921561543
45.0 23.0 35.110712267840306
46.0 23.0 32.435044617000415
47.0 23.0 30.92122116139491
48.0 23.0 29.106925734063424
49.0 23.0 26.3999560359466

0.0 24.0 53.02893499944656
1.0 24.0 50.54717877277062
2.0 24.0 52.67502094900821
3.0 24.0 52.02220882385148
4.0 24.0 54.68899858362398
5.0 24.0 54.35999676772529
6.0 24.0 54.28261701525675
7.0 24.0 66.97349983092778
8.0 24.0 67.25074851041413
9.0 24.0 68.85340957490193
10.0 24.0 65.87134003578667
11.0 24.0 63.07578887254966
12.0 24.0 69.1077291653369
13.0 24.0 65.36104468370367
14.0 24.0 68.82058493675413
15.0 24.0 65.05415381026013
16.0 24.0 68.04097804273367
17.0 24.0 64.56945894566348
18.0 24.0 68.6252589860905
19.0 24.0 64.70551581299476
20.0 24.0 62.14675210330637
21.0 24.0 61.636832875246085
22.0 24.0 62.54646502452691
23.0 24.0 62.809540198970765
24.0 24.0 65.58897663412613
25.0 24.0 58.92520287256175
26.0 24.0 62.60968774476623
27.0 24.0 57.702921542402535
28.0 24.0 60.62334963644403
29.0 24.0 57.412634047893135
30.0 24.0 54.4670755010712
31.0 24.0 52.06826314463365
32.0 24.0 52.93468189952588
33.0 24.0 51.34127318485622
34.0 24.0 50.320441052305675
35.0 24.0 50.313557403099914
36.0 24.0 50.72274593861262
37.0 24.0 47.22707012484976
38.0 24.0 47.6879519844424
39.0 24.0 44.563534617490696
40.0 24.0 41.37675723321568
41.0 24.0 40.28332706493479
42.0 24.0 38.33755921953661
43.0 24.0 36.09678903809996
44.0 24.0 36.27951722720622
45.0 24.0 34.33648731568018
46.0 24.0 31.38614445294676
47.0 24.0 29.649733603446208
48.0 24.0 27.224338743825687
49.0 24.0 24.54033416885209

0.0 25.0 50.28434304840606
1.0 25.0 48.899939791937136
2.0 25.0 61.90974358034441
3.0 25.0 65.82808462623704
4.0 25.0 61.557481944127325
5.0 25.0 63.32167734182893
6.0 25.0 64.48782934762049
7.0 25.0 63.91625076678068
8.0 25.0 66.63405692668132
9.0 25.0 64.12429833230111
10.0 25.0 66.6406710145528
11.0 25.0 65.79990555951176
12.0 25.0 64.1972873996516
13.0 25.0 67.40013915902458
14.0 25.0 64.84992808020245
15.0 25.0 65.18071798857046
16.0 25.0 65.9002489434213
17.0 25.0 64.90149970683238
18.0 25.0 62.55244319344377
19.0 25.0 65.39148606058865
20.0 25.0 61.79003983012415
21.0 25.0 62.41964642333813
22.0 25.0 62.95377845630352
23.0 25.0 59.60794185282306
24.0 25.0 62.08533580270916
25.0 25.0 62.84433088381943
26.0 25.0 60.52114372322278
27.0 25.0 59.433091503060474
28.0 25.0 58.395847712161945
29.0 25.0 53.95757124726808
30.0 25.0 57.351700994590196
31.0 25.0 55.56158005315541
32.0 25.0 50.08529516269631
33.0 25.0 51.78396052116239
34.0 25.0 51.1982623220591
35.0 25.0 49.21312168799411
36.0 25.0 49.13949828356932
37.0 25.0 45.911183353647026
38.0 25.0 44.569238140210395
39.0 25.0 43.95899638686193
40.0 25.0 40.74325120672469
41.0 25.0 40.24046480299351
42.0 25.0 36.93527788390308
43.0 25.0 36.07482836162679
44.0 25.0 35.89335156922122
45.0 25.0 31.584193917744038
46.0 25.0 30.16645956948594
47.0 25.0 29.20090178266057
48.0 25.0 27.61935497123279
49.0 25.0 25.9660772022217

0.0 26.0 64.1584251134176
1.0 26.0 63.45944988846905
2.0 26.0 64.94959729196502
3.0 26.0 62.15493752010435
4.0 26.0 64.1527542825033
5.0 26.0 62.91014642499199
6.0 26.0 61.17247840544978
7.0 26.0 67.07291021765062
8.0 26.0 62.24747285476835
9.0 26.0 63.07287805511943
10.0 26.0 62.46046084420722
11.0 26.0 64.40373480922092
12.0 26.0 67.63955725312165
13.0 26.0 64.83786428523226
14.0 26.0 64.1799614175901
15.0 26.0 66.1757497569809
16.0 26.0 66.67754508224505
17.0 26.0 62.57722907635051
18.0 26.0 65.35546427732525
19.0 26.0 64.025216961104
20.0 26.0 60.21979710833686
21.0 26.0 62.6876284513817
22.0 26.0 62.98033403704435
23.0 26.0 62.78768446207793
24.0 26.0 59.80902615153327
25.0 26.0 60.39687271568704
26.0 26.0 58.395844940195374
27.0 26.0 55.4072392959882
28.0 26.0 58.41686455137198
29.0 26.0 52.68761001890909
30.0 26.0 55.690629063886355
31.0 26.0 52.4450131115621
32.0 26.0 50.03350596767254
33.0 26.0 51.62370816778262
34.0 26.0 49.12814195376714
35.0 26.0 49.860198317540956
36.0 26.0 44.8039328416142
37.0 26.0 46.233702805736186
38.0 26.0 42.73246704299131
39.0 26.0 43.46535922533439
40.0 26.0 41.737683163828116
41.0 26.0 39.75365518091438
42.0 26.0 36.73394298384052
43.0 26.0 36.2411613143976
44.0 26.0 34.41366649023112
45.0 26.0 31.668666750096268
46.0 26.0 30.634461642801746
47.0 26.0 28.25888368928692
48.0 26.0 25.735241375641028
49.0 26.0 23.034601815261688

0.0 27.0 63.18296326228229
1.0 27.0 58.43442607405243
2.0 27.0 63.028655029195185
3.0 27.0 61.08578523715951
4.0 27.0 59.89678594866225
5.0 27.0 64.38480955253533
6.0 27.0 61.86228249545745
7.0 27.0 63.51679127968044
8.0 27.0 66.93356797765267
9.0 27.0 63.52779468641394
10.0 27.0 62.32059174217816
11.0 27.0 65.04059059398963
12.0 27.0 62.83452080722824
13.0 27.0 63.38089763077485
14.0 27.0 65.3087426096058
15.0 27.0 64.80247910053289
16.0 27.0 66.1302009322159
17.0 27.0 64.71178555588043
18.0 27.0 63.92818211937285
19.0 27.0 61.25692311570018
20.0 27.0 60.03061252204235
21.0 27.0 60.90970440582468
22.0 27.0 61.9628977279583
23.0 27.0 60.61815805826851
24.0 27.0 60.685769160282625
25.0 27.0 59.74754119549648
26.0 27.0 58.0050230016222
27.0 27.0 56.15609714023986
28.0 27.0 53.58392772782453
29.0 27.0 54.82105519085774
30.0 27.0 54.51952107663473
31.0 27.0 49.425372333632346
32.0 27.0 49.18595712132894
33.0 27.0 49.31878112665872
34.0 27.0 47.022532154978805
35.0 27.0 48.05533857061356
36.0 27.0 45.135220786852194
37.0 27.0 43.27883655523515
38.0 27.0 43.33048606060661
39.0 27.0 40.26858330612537
40.0 27.0 39.972627850581695
41.0 27.0 36.413212592361106
42.0 27.0 37.441387186065754
43.0 27.0 33.94519925516048
44.0 27.0 34.18848693526851
45.0 27.0 29.952489316483558
46.0 27.0 30.325919227677105
47.0 27.0 27.86865287037834
48.0 27.0 25.0610264058176
49.0 27.0 21.826768007856977

0.0 28.0 59.575109647481995
1.0 28.0 57.727192815077856
2.0 28.0 63.296743746688875
3.0 28.0 62.91139582936974
4.0 28.0 60.25039648406558
5.0 28.0 60.063264612102614
6.0 28.0 60.329496888136944
7.0 28.0 65.77652144103075
8.0 28.0 66.30657827948166
9.0 28.0 62.541180743421286
10.0 28.0 63.560109817846545
11.0 28.0 66.06879068432818
12.0 28.0 61.246622687457744
13.0 28.0 62.9756435941327
14.0 28.0 61.620441850435505
15.0 28.0 61.96299657335935
16.0 28.0 61.81582722727136
17.0 28.0 64.91155479493379
18.0 28.0 60.42706064844624
19.0 28.0 61.563898035011505
20.0 28.0 63.11156136726811
21.0 28.0 64.00578585466603
22.0 28.0 58.91366035234747
23.0 28.0 57.90735472605102
24.0 28.0 59.22564471037911
25.0 28.0 56.13212341685365
26.0 28.0 56.426754019057704
27.0 28.0 56.50229162246273
28.0 28.0 53.456625992612054
29.0 28.0 51.57576466658279
30.0 28.0 50.914158753417404
31.0 28.0 52.34289058501668
32.0 28.0 51.35789342739563
33.0 28.0 50.0282780635961
34.0 28.0 47.041969019837026
35.0 28.0 47.239382356120174
36.0 28.0 42.19637721198966
37.0 28.0 43.65184608941369
38.0 28.0 41.115861616271424
39.0 28.0 40.56499494096458
40.0 28.0 39.80244738699877
41.0 28.0 35.7586067131953
42.0 28.0 35.36761311651904
43.0 28.0 33.18120398014679
44.0 28.0 30.374321919341533
45.0 28.0 28.66527514916088
46.0 28.0 26.64061486400137
47.0 28.0 25.56302215483338
48.0 28.0 22.762238979863298
49.0 28.0 22.552154318224396

0.0 29.0 61.697535426214074
1.0 29.0 62.091002722761
2.0 29.0 59.11264161476203
3.0 29.0 58.33708578252147
4.0 29.0 59.50730103006936
5.0 29.0 58.67857814599884
6.0 29.0 64.15767863555736
7.0 29.0 60.44821604925284
8.0 29.0 61.41955637652268
9.0 29.0 59.43855826781019
10.0 29.0 64.98308113280935
11.0 29.0 64.28744537970248
12.0 29.0 65.5092981334981
13.0 29.0 62.903753191625384
14.0 29.0 62.738264687360136
15.0 29.0 64.34516915847873
16.0 29.0 60.996667338732486
17.0 29.0 59.96885436976618
18.0 29.0 62.309954862764044
19.0 29.0 59.71070638421673
20.0 29.0 63.474294299643354
21.0 29.0 62.221542322240765
22.0 29.0 56.78645540593039
23.0 29.0 55.804785187906816
24.0 29.0 53.98419690555941
25.0 29.0 55.02505139321739
26.0 29.0 54.79258937609953
27.0 29.0 50.82611488249894
28.0 29.0 50.46708233012118
29.0 29.0 53.04533155499155
30.0 29.0 50.207143702678536
31.0 29.0 47.801340066800954
32.0 29.0 48.63489131690191
33.0 29.0 44.978214626922735
34.0 29.0 44.55633023894539
35.0 29.0 44.03934442456352
36.0 29.0 44.910974197186384
37.0 29.0 40.17972780410384
38.0 29.0 40.53194046144972
39.0 29.0 38.02009056270822
40.0 29.0 38.60487869220468
41.0 29.0 35.94481800884101
42.0 29.0 33.67722432337601
43.0 29.0 32.08119522091077
44.0 29.0 29.9474878239007
45.0 29.0 27.197959701803953
46.0 29.0 26.466152233090842
47.0 29.0 24.96499727949588
48.0 29.0 22.60769776450574
49.0 29.0 21.048906407576045

0.0 30.0 57.47013410207528
1.0 30.0 58.64345774241007
2.0 30.0 58.42352883602273
3.0 30.0 57.808084744256156
4.0 30.0 57.2420215501281
5.0 30.0 60.172042462905914
6.0 30.0 62.751516815834925
7.0 30.0 59.905242024229985
8.0 30.0 63.874480612625625
9.0 30.0 59.04072598929436
10.0 30.0 59.148040935299726
11.0 30.0 60.16972378781296
12.0 30.0 63.19230177623905
13.0 30.0 63.53506555377027
14.0 30.0 63.97411406361175
15.0 30.0 63.42896542820966
16.0 30.0 60.68863330454979
17.0 30.0 62.800530213102945
18.0 30.0 62.93267180862958
19.0 30.0 62.72657316610346
20.0 30.0 56.157222098642364
21.0 30.0 57.60272958421788
22.0 30.0 58.18994027820504
23.0 30.0 55.4775863748306
24.0 30.0 51.68035533285574
25.0 30.0 52.33922551913224
26.0 30.0 53.56831071519819
27.0 30.0 51.99807130218838
28.0 30.0 50.90659381245904
29.0 30.0 50.887501931871164
30.0 30.0 50.59709781828021
31.0 30.0 48.37500140736469
32.0 30.0 47.06000751129385
33.0 30.0 43.613247052297595
34.0 30.0 43.86688067670961
35.0 30.0 44.552118457045644
36.0 30.0 40.86056341617092
37.0 30.0 40.77347579789858
38.0 30.0 39.97314890386291
39.0 30.0 36.68536354057156
40.0 30.0 36.26986023457007
41.0 30.0 32.80515429535989
42.0 30.0 31.947031159000844
43.0 30.0 29.728044520514576
44.0 30.0 30.14006594039571
45.0 30.0 28.24313713882348
46.0 30.0 26.5844536097307
47.0 30.0 23.530242677168175
48.0 30.0 21.62238588352464
49.0 30.0 19.820251679861524

0.0 31.0 54.66287910276089
1.0 31.0 60.34460220468283
2.0 31.0 57.53568197510938
3.0 31.0 58.388480560396715
4.0 31.0 59.866364241655816
5.0 31.0 57.51973345817845
6.0 31.0 62.26434241039684
7.0 31.0 60.463993473616824
8.0 31.0 57.57475716906195
9.0 31.0 59.62002124312734
10.0 31.0 61.584412356861286
11.0 31.0 62.85509085060213
12.0 31.0 60.95272444116732
13.0 31.0 62.57126626510397
14.0 31.0 62.44267907907321
15.0 31.0 63.46035730510207
16.0 31.0 61.46968153103759
17.0 31.0 54.097094843147076
18.0 31.0 54.77913400360586
19.0 31.0 56.548791610113085
20.0 31.0 57.51183024260846
21.0 31.0 56.97059055738871
22.0 31.0 53.587697013849436
23.0 31.0 52.798326711243774
24.0 31.0 53.65096898225068
25.0 31.0 49.942033720268284
26.0 31.0 49.52266778794302
27.0 31.0 51.11887321166605
28.0 31.0 48.44812565194825
29.0 31.0 46.59537567268868
30.0 31.0 46.973770196844164
31.0 31.0 48.38801258281602
32.0 31.0 45.60245379575292
33.0 31.0 44.92935024982408
34.0 31.0 41.232154144957455
35.0 31.0 40.571463107554216
36.0 31.0 39.25211850527796
37.0 31.0 39.1324496964376
38.0 31.0 37.79657858863819
39.0 31.0 36.33683630734225
40.0 31.0 35.12075462533691
41.0 31.0 33.63466511503553
42.0 31.0 30.08936935639498
43.0 31.0 30.408486046860382
44.0 31.0 26.685274862379515
45.0 31.0 26.971110319588313
46.0 31.0 23.096201999736596
47.0 31.0 21.081579047404976
48.0 31.0 19.891916190769486
49.0 31.0 17.140170664836905

0.0 32.0 54.45609635550488
1.0 32.0 59.014732351576875
2.0 32.0 58.58262565323209
3.0 32.0 56.134396509907894
4.0 32.0 59.9213136744836
5.0 32.0 59.49439323443109
6.0 32.0 56.26898053640825
7.0 32.0 60.611462949184904
8.0 32.0 56.694890472368336
9.0 32.0 57.08990851419049
10.0 32.0 62.57921694717693
11.0 32.0 60.80498167860914
12.0 32.0 59.48395667186071
13.0 32.0 59.373758349299614
14.0 32.0 53.209890733283494
15.0 32.0 56.57315336428433
16.0 32.0 53.12750125227887
17.0 32.0 53.1407796017368
18.0 32.0 56.14022992363175
19.0 32.0 51.87866995288263
20.0 32.0 51.71907252710162
21.0 32.0 52.926756849473016
22.0 32.0 53.027875170771736
23.0 32.0 50.70357303522833
24.0 32.0 49.78153432510507
25.0 32.0 52.6702603487895
26.0 32.0 52.33135756382982
27.0 32.0 48.714052852660025
28.0 32.0 48.82967443205896
29.0 32.0 47.52664301079564
30.0 32.0 47.249633469350734
31.0 32.0 46.14742870012445
32.0 32.0 43.88174903916542
33.0 32.0 43.1039986821429
34.0 32.0 39.93186356081094
35.0 32.0 42.217357180750135
36.0 32.0 40.71557775183458
37.0 32.0 39.216852511885214
38.0 32.0 37.7430364078167
39.0 32.0 34.01031321875782
40.0 32.0 34.607695778386265
41.0 32.0 32.56499874400725
42.0 32.0 28.84506162874668
43.0 32.0 29.52315607142051
44.0 32.0 26.239602882150706
45.0 32.0 24.703844118658758
46.0 32.0 23.181646433714434
47.0 32.0 20.024360560022824
48.0 32.0 18.611746425129102
49.0 32.0 16.555477075815034

0.0 33.0 56.5095273058756
1.0 33.0 58.180638117916
2.0 33.0 54.64963469732629
3.0 33.0 56.820384948043895
4.0 33.0 58.383894584987345
5.0 33.0 58.09188188337043
6.0 33.0 55.35187432191773
7.0 33.0 56.11667383272318
8.0 33.0 59.147615486936495
9.0 33.0 61.28930932566036
10.0 33.0 59.655516494015025
11.0 33.0 55.5344613978765
12.0 33.0 55.72275039092299
13.0 33.0 55.54915134660163
14.0 33.0 56.10850882807425
15.0 33.0 56.08722646468138
16.0 33.0 51.545432851739115
17.0 33.0 52.23161872409661
18.0 33.0 55.79253823875841
19.0 33.0 52.553589434687396
20.0 33.0 52.25284695962762
21.0 33.0 53.57147670133445
22.0 33.0 50.59443895804517
23.0 33.0 53.30457110241962
24.0 33.0 50.281002846030106
25.0 33.0 51.40227258162824
26.0 33.0 48.95831561354123
27.0 33.0 48.797101509320015
28.0 33.0 47.98811360866463
29.0 33.0 44.82409422613874
30.0 33.0 46.303620998787544
31.0 33.0 42.660924539676444
32.0 33.0 44.429380773946264
33.0 33.0 43.710505841014594
34.0 33.0 39.95134130791607
35.0 33.0 37.65389247638523
36.0 33.0 37.441698333048166
37.0 33.0 36.34671659447859
38.0 33.0 36.29581229104173
39.0 33.0 33.24302195993005
40.0 33.0 31.581485343166527
41.0 33.0 31.20657146176996
42.0 33.0 27.181592935786654
43.0 33.0 26.900714791375503
44.0 33.0 24.304888601946573
45.0 33.0 23.97829162020372
46.0 33.0 21.71928319730796
47.0 33.0 19.15538624945665
48.0 33.0 17.66107967264805
49.0 33.0 14.921855092419852

0.0 34.0 54.76772831362052
1.0 34.0 57.15851639155689
2.0 34.0 53.72844349405394
3.0 34.0 53.75559219393171
4.0 34.0 57.03534219251611
5.0 34.0 51.77630130043792
6.0 34.0 54.08325201942524
7.0 34.0 53.14989259299152
8.0 34.0 54.78028101236512
9.0 34.0 50.21133598495726
10.0 34.0 53.44263881855707
11.0 34.0 51.31023188380783
12.0 34.0 53.61735354069198
13.0 34.0 54.60522951785658
14.0 34.0 55.16487800624209
15.0 34.0 52.1856266778202
16.0 34.0 49.992078489106056
17.0 34.0 52.69880935426883
18.0 34.0 53.51778204409401
19.0 34.0 51.1652404709208
20.0 34.0 50.88223244604521
21.0 34.0 51.869291653377346
22.0 34.0 51.09153719828699
23.0 34.0 48.307911878862654
24.0 34.0 50.62841310572993
25.0 34.0 47.9899986602471
26.0 34.0 47.91238101843605
27.0 34.0 48.265650311009004
28.0 34.0 43.80845455127116
29.0 34.0 46.616483793270916
30.0 34.0 43.586502468638365
31.0 34.0 42.456110953197985
32.0 34.0 39.72765634066446
33.0 34.0 39.52071871408894
34.0 34.0 38.64987686522348
35.0 34.0 36.66663518355179
36.0 34.0 35.432992180722636
37.0 34.0 36.11774950208069
38.0 34.0 34.366534627209774
39.0 34.0 32.56170918351134
40.0 34.0 30.374607547188898
41.0 34.0 28.701276117119775
42.0 34.0 28.263599837017484
43.0 34.0 24.227266949454346
44.0 34.0 22.479989322054386
45.0 34.0 21.163385454564406
46.0 34.0 19.54389749101793
47.0 34.0 17.006693502377992
48.0 34.0 15.47331774387221
49.0 34.0 13.824236435465721

0.0 35.0 46.382503210878795
1.0 35.0 49.988470728713224
2.0 35.0 46.264371255306905
3.0 35.0 48.99685554963657
4.0 35.0 48.33234102485182
5.0 35.0 48.221946461697286
6.0 35.0 50.183559317784095
7.0 35.0 50.24334285618995
8.0 35.0 48.55881630636247
9.0 35.0 48.64008627570334
10.0 35.0 53.19981804737102
11.0 35.0 49.03949414134007
12.0 35.0 49.621269245064504
13.0 35.0 52.46546049635529
14.0 35.0 51.78971200347323
15.0 35.0 51.57100996479174
16.0 35.0 49.63216752797227
17.0 35.0 48.62351872566825
18.0 35.0 51.45526665935685
19.0 35.0 47.48746650313228
20.0 35.0 47.88669958182442
21.0 35.0 47.53201481989205
22.0 35.0 49.88940767828552
23.0 35.0 49.475180900145375
24.0 35.0 48.34574986285507
25.0 35.0 47.051402660194285
26.0 35.0 46.048916297706675
27.0 35.0 44.147887690110586
28.0 35.0 45.695077732621435
29.0 35.0 43.26257482294921
30.0 35.0 42.87648407490546
31.0 35.0 39.64512207969177
32.0 35.0 40.55104670437233
33.0 35.0 37.39273083446455
34.0 35.0 36.875167414059845
35.0 35.0 36.64385180410916
36.0 35.0 36.2346402581528
37.0 35.0 31.894082725976194
38.0 35.0 32.78647394442134
39.0 35.0 30.770174244933937
40.0 35.0 29.431791782846403
41.0 35.0 28.152066133778845
42.0 35.0 25.775572193480862
43.0 35.0 22.761464651431417
44.0 35.0 21.84953292135243
45.0 35.0 19.545120520089206
46.0 35.0 18.01528128023743
47.0 35.0 15.810651843090247
48.0 35.0 13.830385984147469
49.0 35.0 11.754882154013139

0.0 36.0 46.41090974314219
1.0 36.0 47.12734574380039
2.0 36.0 48.722666985449905
3.0 36.0 49.28614901202874
4.0 36.0 45.813581136686494
5.0 36.0 45.96660868974902
6.0 36.0 47.72153429607967
7.0 36.0 49.34926373194409
8.0 36.0 49.455358075429764
9.0 36.0 49.68817221341139
10.0 36.0 49.45322901267688
11.0 36.0 47.154162963783634
12.0 36.0 49.00409767946424
13.0 36.0 50.32409526112984
14.0 36.0 47.331714086311564
15.0 36.0 50.12448710554384
16.0 36.0 50.576231015215214
17.0 36.0 48.08978445261875
18.0 36.0 48.13829937343418
19.0 36.0 47.5149938080587
20.0 36.0 47.311299960798465
21.0 36.0 48.07251975968481
22.0 36.0 48.74170760558702
23.0 36.0 47.34763660761555
24.0 36.0 47.09376131054624
25.0 36.0 45.34346021836662
26.0 36.0 44.0086388808375
27.0 36.0 44.360513914159725
28.0 36.0 40.10143660463061
29.0 36.0 40.7685245958501
30.0 36.0 40.20995225626872
31.0 36.0 37.64826666634255
32.0 36.0 38.42817737044109
33.0 36.0 37.241879101462395
34.0 36.0 36.59505229541919
35.0 36.0 34.2994300713584
36.0 36.0 32.034114180810995
37.0 36.0 33.120437891905326
38.0 36.0 30.291506793851394
39.0 36.0 29.15038348064728
40.0 36.0 26.715861853729148
41.0 36.0 25.0550318668718
42.0 36.0 23.49188966986912
43.0 36.0 21.160801320013615
44.0 36.0 19.433734415061462
45.0 36.0 18.354144613736864
46.0 36.0 15.722232206669732
47.0 36.0 14.01404725555455
48.0 36.0 12.125270803645707
49.0 36.0 10.686806406150735

0.0 37.0 42.10038557029966
1.0 37.0 44.3481644307764
2.0 37.0 42.826310545831944
3.0 37.0 45.85532138106717
4.0 37.0 47.35961480506425
5.0 37.0 44.00371812686458
6.0 37.0 47.19540180711918
7.0 37.0 48.57398170588771
8.0 37.0 47.701791995225605
9.0 37.0 45.778053435400224
10.0 37.0 48.10410043024822
11.0 37.0 45.418966688058106
12.0 37.0 46.98591368684545
13.0 37.0 47.26637514922795
14.0 37.0 49.339980589097266
15.0 37.0 48.82875025198647
16.0 37.0 45.00962768568247
17.0 37.0 47.95917439926116
18.0 37.0 47.57148773682684
19.0 37.0 44.65203075723064
20.0 37.0 43.864955009085975
21.0 37.0 43.99605587589434
22.0 37.0 44.567013039943205
23.0 37.0 46.33505649510091
24.0 37.0 42.67067634059794
25.0 37.0 43.51023114085676
26.0 37.0 41.51224035743227
27.0 37.0 42.39232810445025
28.0 37.0 38.83006921730234
29.0 37.0 37.811683286369195
30.0 37.0 39.98560699786555
31.0 37.0 36.51375820491466
32.0 37.0 37.59905650772365
33.0 37.0 36.249084107973445
34.0 37.0 34.06864516167762
35.0 37.0 31.173249785085638
36.0 37.0 32.38419493931287
37.0 37.0 29.06888424411747
38.0 37.0 27.763483365704666
39.0 37.0 28.123548286922173
40.0 37.0 25.967921995070558
41.0 37.0 23.38108097119748
42.0 37.0 22.751988022774267
43.0 37.0 21.188269515193227
44.0 37.0 18.278224717659043
45.0 37.0 16.765421745319202
46.0 37.0 14.535524494638333
47.0 37.0 13.238296355008547
48.0 37.0 10.19295477614975
49.0 37.0 8.180718341874382

0.0 38.0 41.898582846106386
1.0 38.0 42.67861566469468
2.0 38.0 43.53112297583139
3.0 38.0 43.10522191513282
4.0 38.0 44.56677071836054
5.0 38.0 45.67226389127307
6.0 38.0 44.825299189787174
7.0 38.0 43.09744631068039
8.0 38.0 47.29420930398371
9.0 38.0 46.067100162506605
10.0 38.0 44.88493248659201
11.0 38.0 44.32818602904389
12.0 38.0 47.894706811059045
13.0 38.0 47.87843058202672
14.0 38.0 46.936837213873375
15.0 38.0 45.34599133539683
16.0 38.0 45.962361933327365
17.0 38.0 46.01102730708879
18.0 38.0 43.01000889023656
19.0 38.0 42.640601510580126
20.0 38.0 44.73039213877046
21.0 38.0 43.88712510418136
22.0 38.0 44.166809433637575
23.0 38.0 42.80724618726729
24.0 38.0 39.6883353698438
25.0 38.0 42.38888321910177
26.0 38.0 40.89260853513205
27.0 38.0 37.48111218651
28.0 38.0 36.88730989985254
29.0 38.0 37.75855549622559
30.0 38.0 34.87722136249727
31.0 38.0 36.28333436056712
32.0 38.0 35.70672805119952
33.0 38.0 31.627184627155827
34.0 38.0 32.601070736888545
35.0 38.0 31.885954962312024
36.0 38.0 29.03517103198988
37.0 38.0 28.5967044680782
38.0 38.0 25.974931118624227
39.0 38.0 25.76670158723258
40.0 38.0 24.353362437157596
41.0 38.0 22.476701072064483
42.0 38.0 20.378353410524383
43.0 38.0 18.08468465374878
44.0 38.0 16.786473323162674
45.0 38.0 14.158236412986371
46.0 38.0 12.849863854704372
47.0 38.0 11.390738056119151
48.0 38.0 9.191878896480087
49.0 38.0 6.711808281149762

0.0 39.0 41.07681026954556
1.0 39.0 38.72531194759916
2.0 39.0 42.84382535099168
3.0 39.0 41.88959412896196
4.0 39.0 42.23945328385909
5.0 39.0 44.19081291348013
6.0 39.0 44.61861949069567
7.0 39.0 42.87389780687968
8.0 39.0 41.60171425905528
9.0 39.0 45.68583643747659
10.0 39.0 41.9103949644138
11.0 39.0 41.9436294885093
12.0 39.0 42.305493057201566
13.0 39.0 43.429523160727435
14.0 39.0 42.33738021156357
15.0 39.0 42.70647649691653
16.0 39.0 41.65203129373863
17.0 39.0 43.903524571793454
18.0 39.0 43.720524568399235
19.0 39.0 41.993547478142105
20.0 39.0 40.494465735734906
21.0 39.0 42.27283762010832
22.0 39.0 42.494754722528704
23.0 39.0 38.84984908502036
24.0 39.0 39.528812786438095
25.0 39.0 40.59218389432971
26.0 39.0 39.72944275376871
27.0 39.0 35.686343229550005
28.0 39.0 37.72466342691187
29.0 39.0 35.45185771511819
30.0 39.0 33.88342662049241
31.0 39.0 33.00778929847245
32.0 39.0 31.526708915524388
33.0 39.0 30.845730200816078
34.0 39.0 31.366286614242632
35.0 39.0 27.434821820329677
36.0 39.0 26.61724415311215
37.0 39.0 24.803169477905467
38.0 39.0 24.203151805679234
39.0 39.0 23.531291686458218
40.0 39.0 20.87054236577101
41.0 39.0 20.62418412561528
42.0 39.0 17.916704420395558
43.0 39.0 17.31802493639497
44.0 39.0 14.145064939485403
45.0 39.0 12.44777386097212
46.0 39.0 11.463589258239582
47.0 39.0 9.067758470986883
48.0 39.0 6.69481652015085
49.0 39.0 4.7529719246982625

