0 20.39290201960059
1 20.39290201960059
2 20.39290201960059
3 20.39096810026643
4 20.335052492718823
5 20.335052492718823
6 20.326500858709085
7 20.30929769678945
8 20.30929769678945
9 20.298547047483957
10 20.210112311590382
11 20.210112311590382
12 20.207781267089008
13 20.161979354579863
14 20.15443730423528
15 20.116638673695167
16 20.115867643190043
17 20.115867643190043
18 20.08579502967846
19 20.047062197565985
20 19.98285733248689
21 19.98142578747295
22 19.816214571181717
23 19.803352075909995
24 19.573765043721455
25 19.559080694298306
26 19.516371211457095
27 19.516371211457095
28 19.5151071082913
29 19.454391925868975
30 19.453486444930167
31 19.453486444930167
32 19.45214649149063
33 19.45214649149063
34 19.408645346538044
35 19.40728683116337
36 19.40728683116337
37 19.381271130016888
38 19.38110014075192
39 19.371083531223437
40 19.32071535962593
41 19.32071535962593
42 19.32071535962593
43 19.29501108001667
44 19.29501108001667
45 19.29501108001667
46 19.29501108001667
47 19.29501108001667
48 19.287028671260444
49 19.279538098869388
50 19.279538098869388
51 19.257575896846667
52 19.257420459334345
53 19.257420459334345
54 19.0191543671016
55 18.96761263105784
56 18.96478670213648
57 18.928999356720663
58 18.7030133419989
59 18.7030133419989
60 18.56830334298915
61 18.56830334298915
62 18.538100079356138
63 18.45784044601067
64 18.45784044601067
65 18.45032210862818
66 18.386376558260125
67 18.352839695104862
68 18.352839695104862
69 18.34708213649983
70 18.346743557471868
71 18.31533379597116
72 18.31533379597116
73 18.298629215989365
74 18.294754962381255
75 18.23068099508452
76 18.23068099508452
77 18.18381156249568
78 18.18381156249568
79 18.14896527482502
80 18.14896527482502
81 18.140523305958165
82 18.112544634975887
83 18.112544634975887
84 18.10424656408915
85 18.09740504440341
86 18.095474187498805
87 18.080320913315713
88 18.061710994188044
89 18.00750561832253
90 18.00750561832253
91 18.00750561832253
92 17.994569796444342
93 17.98851668268615
94 17.926312016702983
95 17.926312016702983
96 17.8701783653309
97 17.8701783653309
98 17.849634229792276
99 17.849634229792276
100 17.849634229792276
