0.0 0.0 26.655744511945592
1.0 0.0 27.664617455370283
2.0 0.0 28.44270436099262
3.0 0.0 29.5321037635287
4.0 0.0 31.147749617085218
5.0 0.0 33.03869187805119
6.0 0.0 35.35118496953244
7.0 0.0 37.62284289717345
8.0 0.0 40.09501859926115
9.0 0.0 42.96988479590702
10.0 0.0 45.30001456843199
11.0 0.0 47.48976746137913
12.0 0.0 49.959275491485975
13.0 0.0 51.67193336919132
14.0 0.0 53.06591991371348
15.0 0.0 54.76860863745675
16.0 0.0 55.801423284870395
17.0 0.0 56.40914104729078
18.0 0.0 57.24684264940657
19.0 0.0 57.80160630926118
20.0 0.0 58.27825615614026
21.0 0.0 58.81669999719307
22.0 0.0 59.250135733429616
23.0 0.0 59.96289399016716
24.0 0.0 60.45094663640271
25.0 0.0 60.75806965900496
26.0 0.0 61.576178987813684
27.0 0.0 61.951277428946135
28.0 0.0 61.9229768829505
29.0 0.0 62.44125987870157
30.0 0.0 62.57722741803228
31.0 0.0 62.25257425696741
32.0 0.0 62.42710131115009
33.0 0.0 62.55580856587116
34.0 0.0 62.48973852005896
35.0 0.0 62.81505441177316
36.0 0.0 63.18414879091217
37.0 0.0 63.42922250290154
38.0 0.0 63.71078254943532
39.0 0.0 63.82719099886778
40.0 0.0 63.767766687275994
41.0 0.0 63.21890240113793
42.0 0.0 62.03262936286627
43.0 0.0 60.86831328228648
44.0 0.0 59.61714136730687
45.0 0.0 58.227249448019776
46.0 0.0 57.476526400810386
47.0 0.0 57.11635564247804
48.0 0.0 58.29302534737312
49.0 0.0 57.35729750666839

0.0 1.0 26.25858131404199
1.0 1.0 26.94072985203732
2.0 1.0 27.77038912377095
3.0 1.0 29.093092099926675
4.0 1.0 30.774282488515254
5.0 1.0 32.6475873084156
6.0 1.0 34.947177294701966
7.0 1.0 36.99571964077203
8.0 1.0 39.16949757776241
9.0 1.0 41.875921626673396
10.0 1.0 44.898030106542464
11.0 1.0 46.96333994963409
12.0 1.0 48.91448096136934
13.0 1.0 50.430653272244065
14.0 1.0 52.55367918699881
15.0 1.0 54.46155999796038
16.0 1.0 55.608204405595345
17.0 1.0 56.39495227131632
18.0 1.0 57.61304413522677
19.0 1.0 58.166391533528284
20.0 1.0 58.22417886130704
21.0 1.0 59.2225785939991
22.0 1.0 59.44330515767387
23.0 1.0 59.52100667158556
24.0 1.0 59.81534276997082
25.0 1.0 60.0534885938118
26.0 1.0 61.57044640215253
27.0 1.0 62.12534698449067
28.0 1.0 61.460828734402455
29.0 1.0 61.58598729158504
30.0 1.0 61.773691664009355
31.0 1.0 61.8742512003058
32.0 1.0 62.04589548273029
33.0 1.0 62.149316036497716
34.0 1.0 62.12299318531313
35.0 1.0 62.37656181251466
36.0 1.0 62.61813697222593
37.0 1.0 63.00596035142698
38.0 1.0 63.544069817983655
39.0 1.0 62.86497467232778
40.0 1.0 62.46245232098611
41.0 1.0 62.02826505231205
42.0 1.0 61.855149293938254
43.0 1.0 61.06044057955051
44.0 1.0 60.05677064550332
45.0 1.0 58.811235874798165
46.0 1.0 58.38114532398659
47.0 1.0 58.17143390523765
48.0 1.0 57.583844603598266
49.0 1.0 58.65560259001134

0.0 2.0 26.057160970597955
1.0 2.0 27.221999875948857
2.0 2.0 28.29363094598675
3.0 2.0 29.48803684676549
4.0 2.0 30.969813529804
5.0 2.0 32.86837058627827
6.0 2.0 35.18404305051399
7.0 2.0 37.12492919370654
8.0 2.0 39.21941769481181
9.0 2.0 41.715526140616895
10.0 2.0 43.61391096803069
11.0 2.0 45.76843786016845
12.0 2.0 48.800536133759266
13.0 2.0 50.74968987623794
14.0 2.0 52.17989057523246
15.0 2.0 53.92104408028564
16.0 2.0 55.17052413849738
17.0 2.0 56.156792944738164
18.0 2.0 57.267000861530676
19.0 2.0 58.16879690377115
20.0 2.0 58.93249938157648
21.0 2.0 59.20429815471984
22.0 2.0 59.417141806549
23.0 2.0 60.33843022018461
24.0 2.0 61.13919567932426
25.0 2.0 61.678814132029835
26.0 2.0 62.447067064705365
27.0 2.0 62.44999184140189
28.0 2.0 61.95090385013654
29.0 2.0 62.0837152234357
30.0 2.0 62.11685858681663
31.0 2.0 61.92673088834184
32.0 2.0 62.04229324863087
33.0 2.0 62.16832335690464
34.0 2.0 62.30435789297027
35.0 2.0 62.514867192841244
36.0 2.0 62.89958833882586
37.0 2.0 63.51908591180211
38.0 2.0 63.6746239407298
39.0 2.0 63.31382829985405
40.0 2.0 63.201137448028696
41.0 2.0 62.76224190083542
42.0 2.0 61.82598631752023
43.0 2.0 61.52562541875655
44.0 2.0 61.10234754736709
45.0 2.0 59.86781091146054
46.0 2.0 59.35600350149984
47.0 2.0 59.46018528297001
48.0 2.0 59.2221109159557
49.0 2.0 59.69642201388484

0.0 3.0 27.223792784340496
1.0 3.0 28.05614182797669
2.0 3.0 28.92528814445223
3.0 3.0 30.21239658484196
4.0 3.0 31.671966544995335
5.0 3.0 33.56876224149255
6.0 3.0 35.91549307209179
7.0 3.0 37.78366794394459
8.0 3.0 39.81333008316045
9.0 3.0 42.33867233977991
10.0 3.0 44.556309174463024
11.0 3.0 46.89319645021024
12.0 3.0 49.1947528294239
13.0 3.0 50.70592286330087
14.0 3.0 52.04600211101392
15.0 3.0 53.66820162770005
16.0 3.0 54.903457008756675
17.0 3.0 55.97621226162224
18.0 3.0 57.038083836591106
19.0 3.0 57.965051347425366
20.0 3.0 58.9964722814975
21.0 3.0 59.61235038057657
22.0 3.0 60.04942233195678
23.0 3.0 60.93632194640328
24.0 3.0 61.353410936182584
25.0 3.0 61.59534542341282
26.0 3.0 62.450770968694115
27.0 3.0 62.8965030133544
28.0 3.0 62.97105151764765
29.0 3.0 63.263078515137046
30.0 3.0 63.13281109419577
31.0 3.0 62.79962955537414
32.0 3.0 62.74081950097701
33.0 3.0 62.73755956048229
34.0 3.0 62.92168500052033
35.0 3.0 63.15737718107202
36.0 3.0 63.39799983668625
37.0 3.0 63.94281988200382
38.0 3.0 64.16004558630573
39.0 3.0 64.022561587252
40.0 3.0 64.32679064948898
41.0 3.0 64.43307197307259
42.0 3.0 63.925629250532126
43.0 3.0 63.38475091961978
44.0 3.0 62.44592896773918
45.0 3.0 61.180071973065154
46.0 3.0 60.805867590475785
47.0 3.0 60.863818515624494
48.0 3.0 60.87518645732701
49.0 3.0 61.693792503005426

0.0 4.0 27.999413462318646
1.0 4.0 28.871587504083326
2.0 4.0 29.796388741394264
3.0 4.0 31.156439978188523
4.0 4.0 32.59832251349607
5.0 4.0 34.55203286255193
6.0 4.0 37.000027319338955
7.0 4.0 38.9162124950227
8.0 4.0 40.991313084834495
9.0 4.0 43.43400365168473
10.0 4.0 45.19940735021466
11.0 4.0 46.999043520014766
12.0 4.0 49.21283045993002
13.0 4.0 50.93687600833866
14.0 4.0 52.55641672685222
15.0 4.0 54.31787376988845
16.0 4.0 55.64939781232755
17.0 4.0 56.66486649533153
18.0 4.0 57.35466416897795
19.0 4.0 58.09234620586043
20.0 4.0 59.277394672031306
21.0 4.0 60.17390084517986
22.0 4.0 61.01235502369827
23.0 4.0 62.25293369111941
24.0 4.0 62.792781294078786
25.0 4.0 63.00080603999067
26.0 4.0 63.61896337164617
27.0 4.0 63.6572816748141
28.0 4.0 63.404153168206705
29.0 4.0 63.53051767434625
30.0 4.0 63.47605722001235
31.0 4.0 63.37126044136514
32.0 4.0 63.4250250559043
33.0 4.0 63.548814597838685
34.0 4.0 63.95814324067181
35.0 4.0 64.285843825275
36.0 4.0 64.57741533257331
37.0 4.0 65.27351761729057
38.0 4.0 65.64002828521134
39.0 4.0 65.82144487673716
40.0 4.0 66.65556658285554
41.0 4.0 66.77614173870002
42.0 4.0 65.84370797461938
43.0 4.0 65.08702822276723
44.0 4.0 64.07014943210778
45.0 4.0 62.83638155433188
46.0 4.0 62.33357158880328
47.0 4.0 62.21142960198598
48.0 4.0 62.441348350835156
49.0 4.0 63.09593549119869

0.0 5.0 28.66272496004455
1.0 5.0 29.578943559983852
2.0 5.0 30.70448003400827
3.0 5.0 32.25359927675155
4.0 5.0 33.740277847335854
5.0 5.0 35.74418859626
6.0 5.0 38.22194059329094
7.0 5.0 40.10581196832226
8.0 5.0 42.18095313386826
9.0 5.0 44.67900613392777
10.0 5.0 46.65357183665003
11.0 5.0 48.78544717659972
12.0 5.0 51.08728354150909
13.0 5.0 52.60764313101657
14.0 5.0 53.82558028036023
15.0 5.0 55.054157919027
16.0 5.0 56.09834577488454
17.0 5.0 57.20933692622097
18.0 5.0 58.161114114804704
19.0 5.0 59.068618236145525
20.0 5.0 60.196782633171175
21.0 5.0 60.75822353468794
22.0 5.0 61.19692221070206
23.0 5.0 62.105656913862276
24.0 5.0 62.43285676829429
25.0 5.0 62.62055698790239
26.0 5.0 63.32676537021767
27.0 5.0 63.58633856947404
28.0 5.0 63.653929459041265
29.0 5.0 63.9981316929141
30.0 5.0 64.16143881228822
31.0 5.0 64.30466231581968
32.0 5.0 64.44384190757519
33.0 5.0 64.64990101310795
34.0 5.0 65.2485249893397
35.0 5.0 65.69781972940626
36.0 5.0 66.12907736691471
37.0 5.0 67.09563068297952
38.0 5.0 67.81551347611247
39.0 5.0 68.34724561882379
40.0 5.0 69.08679448818359
41.0 5.0 68.91004750604127
42.0 5.0 67.88604224009191
43.0 5.0 67.03209509869319
44.0 5.0 65.88510473222804
45.0 5.0 64.59780295709238
46.0 5.0 63.88386177205581
47.0 5.0 63.516325204106906
48.0 5.0 63.871599808088625
49.0 5.0 63.961586572080904

0.0 6.0 29.795968070489614
1.0 6.0 30.737517720330437
2.0 6.0 31.942359244340594
3.0 6.0 33.57840680481493
4.0 6.0 35.08667894225875
5.0 6.0 37.18696588838385
6.0 6.0 39.82704931269432
7.0 6.0 41.982870691421944
8.0 6.0 44.56154243231404
9.0 6.0 47.53393807439613
10.0 6.0 49.56841547388879
11.0 6.0 51.327401364256154
12.0 6.0 53.18767035019464
13.0 6.0 54.526312264047974
14.0 6.0 55.714235070599514
15.0 6.0 56.87216822844663
16.0 6.0 57.81414317423385
17.0 6.0 58.72310008713321
18.0 6.0 59.283730886402054
19.0 6.0 59.826430789891766
20.0 6.0 60.67964201100863
21.0 6.0 60.984015969516534
22.0 6.0 61.27747064771654
23.0 6.0 62.12127642829729
24.0 6.0 62.43409429469027
25.0 6.0 62.68192360840267
26.0 6.0 63.43893320960136
27.0 6.0 63.83065954768309
28.0 6.0 64.11156540695235
29.0 6.0 64.57496789561391
30.0 6.0 64.90347095386511
31.0 6.0 65.30171857894075
32.0 6.0 65.60830314443909
33.0 6.0 66.02088791899186
34.0 6.0 66.9062417000456
35.0 6.0 67.54575147111588
36.0 6.0 68.176596581445
37.0 6.0 69.46799092934192
38.0 6.0 70.46260757768795
39.0 6.0 70.95826253686795
40.0 6.0 71.48365990010109
41.0 6.0 71.1753058759998
42.0 6.0 70.11108094955308
43.0 6.0 69.11584491444336
44.0 6.0 67.7838362706389
45.0 6.0 66.40324327022081
46.0 6.0 65.44089706354565
47.0 6.0 64.8035670339236
48.0 6.0 65.23296986077816
49.0 6.0 64.58476849288107

0.0 7.0 31.158375103183197
1.0 7.0 32.210434577369924
2.0 7.0 33.625063091513525
3.0 7.0 35.47572790199576
4.0 7.0 37.155242753931844
5.0 7.0 39.55891893284062
6.0 7.0 42.64996962073617
7.0 7.0 45.248967882991
8.0 7.0 47.94966897745243
9.0 7.0 50.7252471446669
10.0 7.0 52.67294186075236
11.0 7.0 54.4557458180594
12.0 7.0 56.28642634970201
13.0 7.0 57.625137020480096
14.0 7.0 58.750479114304454
15.0 7.0 59.65180179470163
16.0 7.0 60.31194077083033
17.0 7.0 60.91679801495679
18.0 7.0 61.05559695408037
19.0 7.0 61.22122733449051
20.0 7.0 61.762577275160055
21.0 7.0 61.75931844381732
22.0 7.0 61.83547163081077
23.0 7.0 62.529613271743614
24.0 7.0 62.784751949854744
25.0 7.0 63.08500826618569
26.0 7.0 63.8941365141678
27.0 7.0 64.43268697782433
28.0 7.0 64.94171393002419
29.0 7.0 65.5487334262624
30.0 7.0 66.09849202324503
31.0 7.0 66.82261067068771
32.0 7.0 67.35788236917496
33.0 7.0 67.99693006649218
34.0 7.0 69.15119678787046
35.0 7.0 69.99022417972597
36.0 7.0 70.85194893107243
37.0 7.0 72.4069279529309
38.0 7.0 73.4612226370327
39.0 7.0 73.84151976165323
40.0 7.0 74.2243973207001
41.0 7.0 73.80662568468804
42.0 7.0 72.68441440040407
43.0 7.0 71.4992639445066
44.0 7.0 69.94246935909027
45.0 7.0 68.43459766746038
46.0 7.0 67.19794813263916
47.0 7.0 66.28094108247353
48.0 7.0 66.75709556651523
49.0 7.0 65.3927859339397

0.0 8.0 33.37645365835501
1.0 8.0 34.54371563411288
2.0 8.0 36.17591233581105
3.0 8.0 38.30853134796253
4.0 8.0 40.2817058861017
5.0 8.0 43.04505378387597
6.0 8.0 46.40856330877205
7.0 8.0 49.1218018230375
8.0 8.0 51.87642900276973
9.0 8.0 54.694598559782165
10.0 8.0 56.732102264514594
11.0 8.0 58.54827888517575
12.0 8.0 60.269242596567736
13.0 8.0 61.49696513925291
14.0 8.0 62.444958401373576
15.0 8.0 62.99073254497176
16.0 8.0 63.28546483066596
17.0 8.0 63.5116340630551
18.0 8.0 63.18187601414878
19.0 8.0 62.95362523655942
20.0 8.0 63.20273667762383
21.0 8.0 62.975007890705555
22.0 8.0 62.947940605194034
23.0 8.0 63.59948008007854
24.0 8.0 63.90342048518773
25.0 8.0 64.33212312116656
26.0 8.0 65.21839065366812
27.0 8.0 65.9042055714051
28.0 8.0 66.63164297951276
29.0 8.0 67.37725044889667
30.0 8.0 68.14250612763254
31.0 8.0 69.1623184506319
32.0 8.0 69.88900495760612
33.0 8.0 70.72091665823105
34.0 8.0 72.11903641756957
35.0 8.0 73.16921508825307
36.0 8.0 74.26299658472726
37.0 8.0 75.98117755448042
38.0 8.0 77.02265945447894
39.0 8.0 77.34541880386584
40.0 8.0 77.6199568731122
41.0 8.0 77.08784845156669
42.0 8.0 75.88005442890577
43.0 8.0 74.44828668199253
44.0 8.0 72.60436330573734
45.0 8.0 70.8922131405866
46.0 8.0 69.30855290142922
47.0 8.0 68.05319678952341
48.0 8.0 68.5141418090764
49.0 8.0 66.58352446076265

0.0 9.0 36.205508860859524
1.0 9.0 37.57245072951386
2.0 9.0 39.5105444065875
3.0 9.0 41.958722932559
4.0 9.0 44.18771065102899
5.0 9.0 47.17046946791112
6.0 9.0 50.65331504515928
7.0 9.0 53.44468179864445
8.0 9.0 56.24809833336704
9.0 9.0 59.040973957829685
10.0 9.0 61.059846063928646
11.0 9.0 62.774427010381224
12.0 9.0 64.24020313139906
13.0 9.0 65.23004442806872
14.0 9.0 65.91121204079346
15.0 9.0 66.07338332238223
16.0 9.0 66.04121265989504
17.0 9.0 65.98514610012957
18.0 9.0 65.34100995213807
19.0 9.0 64.89903022984224
20.0 9.0 65.03600847475019
21.0 9.0 64.76642918050966
22.0 9.0 64.78186904556762
23.0 9.0 65.47689092450388
24.0 9.0 65.88128240370214
25.0 9.0 66.44511566964552
26.0 9.0 67.37228737794926
27.0 9.0 68.16091238288917
28.0 9.0 69.05976775960384
29.0 9.0 69.89492763805063
30.0 9.0 70.81707744564729
31.0 9.0 72.06280299434762
32.0 9.0 72.93278220457537
33.0 9.0 73.9291385076001
34.0 9.0 75.54723466567037
35.0 9.0 76.80848971680189
36.0 9.0 78.11399004029064
37.0 9.0 79.93403428669771
38.0 9.0 80.97891608430149
39.0 9.0 81.31322192311231
40.0 9.0 81.51395572994275
41.0 9.0 80.88747442184246
42.0 9.0 79.59807483444058
43.0 9.0 77.89605428620368
44.0 9.0 75.72012388688393
45.0 9.0 73.71820074245048
46.0 9.0 71.68519042915273
47.0 9.0 69.9822117523835
48.0 9.0 70.31553982437538
49.0 9.0 68.02724980442304

0.0 10.0 39.2340786743698
1.0 10.0 40.819991908634265
2.0 10.0 43.02317553982618
3.0 10.0 45.69680183187328
4.0 10.0 48.072168402465024
5.0 10.0 51.14955338516428
6.0 10.0 54.63740602147915
7.0 10.0 57.41239567525032
8.0 10.0 60.14929814408864
9.0 10.0 62.788011367066076
10.0 10.0 64.68616144283664
11.0 10.0 66.22747989477095
12.0 10.0 67.4026366081797
13.0 10.0 68.1666011173529
14.0 10.0 68.63974649367447
15.0 10.0 68.52826523005092
16.0 10.0 68.3159730694993
17.0 10.0 68.14478656619417
18.0 10.0 67.37392463997371
19.0 10.0 66.89213815807592
20.0 10.0 67.04835966760095
21.0 10.0 66.8333141083819
22.0 10.0 66.93314458758928
23.0 10.0 67.66064284278619
24.0 10.0 68.13885866301116
25.0 10.0 68.79389521535536
26.0 10.0 69.70674976414901
27.0 10.0 70.55115428740245
28.0 10.0 71.5727047269578
29.0 10.0 72.44657321487914
30.0 10.0 73.46841934847659
31.0 10.0 74.87568607203234
32.0 10.0 75.84402656772204
33.0 10.0 76.96553263041602
34.0 10.0 78.7527214381
35.0 10.0 80.18514063857327
36.0 10.0 81.64707167217512
37.0 10.0 83.5076238172455
38.0 10.0 84.55791008697226
39.0 10.0 84.93323197665256
40.0 10.0 85.07709111848465
41.0 10.0 84.38706143606254
42.0 10.0 83.05889508620137
43.0 10.0 81.13622040232757
44.0 10.0 78.68021101574789
45.0 10.0 76.40879646588495
46.0 10.0 73.92492388521778
47.0 10.0 71.73998799375246
48.0 10.0 71.88365768965497
49.0 10.0 69.50162579522356

0.0 11.0 41.76071895988468
1.0 11.0 43.47673859317216
2.0 11.0 45.831712510364724
3.0 11.0 48.608768303458305
4.0 11.0 51.031412445723674
5.0 11.0 54.11512137824263
6.0 11.0 57.53371884474882
7.0 11.0 60.24455955080352
8.0 11.0 62.86797073610684
9.0 11.0 65.31275508894522
10.0 11.0 67.0863917407358
11.0 11.0 68.48401972871778
12.0 11.0 69.43146059290358
13.0 11.0 70.06299044534993
14.0 11.0 70.43766420085493
15.0 11.0 70.1722475794445
16.0 11.0 69.89098186771375
17.0 11.0 69.70263147496946
18.0 11.0 68.90811917795735
19.0 11.0 68.46859302257764
20.0 11.0 68.68358069018946
21.0 11.0 68.54276872395192
22.0 11.0 68.72147835528504
23.0 11.0 69.45552113094611
24.0 11.0 69.99166941971947
25.0 11.0 70.72342850446083
26.0 11.0 71.60497556063994
27.0 11.0 72.48925274280296
28.0 11.0 73.60468980578162
29.0 11.0 74.48213679677083
30.0 11.0 75.55808226411044
31.0 11.0 77.06762906365617
32.0 11.0 78.0862991884174
33.0 11.0 79.27923232389276
34.0 11.0 81.16039521839033
35.0 11.0 82.69320520004848
36.0 11.0 84.231990580163
37.0 11.0 86.05342006072804
38.0 11.0 87.06998705768846
39.0 11.0 87.46106684881437
40.0 11.0 87.51726479393204
41.0 11.0 86.75540874547085
42.0 11.0 85.40757793135117
43.0 11.0 83.32180040155465
44.0 11.0 80.68397364501246
45.0 11.0 78.2527086896201
46.0 11.0 75.44582229667805
47.0 11.0 72.89028097149406
48.0 11.0 72.92514221715541
49.0 11.0 70.78221456644273

0.0 12.0 43.25160262726634
1.0 12.0 44.9953645981691
2.0 12.0 47.4068526028444
3.0 12.0 50.21157068501718
4.0 12.0 52.64989725948007
5.0 12.0 55.72617062520608
6.0 12.0 59.075261451493446
7.0 12.0 61.74772081508461
8.0 12.0 64.28457052545897
9.0 12.0 66.56557717741683
10.0 12.0 68.26650483760429
11.0 12.0 69.58460756870487
12.0 12.0 70.37657223730467
13.0 12.0 70.94760576756312
14.0 12.0 71.28388972028242
15.0 12.0 70.91643685325752
16.0 12.0 70.60067916543487
17.0 12.0 70.4201935683879
18.0 12.0 69.6421026197049
19.0 12.0 69.2705495395871
20.0 12.0 69.54017304128645
21.0 12.0 69.4731664113561
22.0 12.0 69.72794915032682
23.0 12.0 70.46072752347335
24.0 12.0 71.06328789540831
25.0 12.0 71.88139858935367
26.0 12.0 72.73450295425224
27.0 12.0 73.65265217319782
28.0 12.0 74.83605358508623
29.0 12.0 75.68591226410581
30.0 12.0 76.77518163153702
31.0 12.0 78.33327578286428
32.0 12.0 79.3620268110025
33.0 12.0 80.5805039658836
34.0 12.0 82.48770704824969
35.0 12.0 84.05944952887565
36.0 12.0 85.61303702849335
37.0 12.0 87.33325498849752
38.0 12.0 88.28020817253189
39.0 12.0 88.65697051570682
40.0 12.0 88.58995999913758
41.0 12.0 87.74003695238326
42.0 12.0 86.38116215461943
43.0 12.0 84.18466789486259
44.0 12.0 81.46548449839122
45.0 12.0 79.0010943331865
46.0 12.0 76.03949899306343
47.0 12.0 73.28123266147003
48.0 12.0 73.35266963767653
49.0 12.0 71.7280173217845

0.0 13.0 43.34610812214512
1.0 13.0 45.05074089712939
2.0 13.0 47.468958717324256
3.0 13.0 50.27946622149972
4.0 13.0 52.75856448062233
5.0 13.0 55.86141740202301
6.0 13.0 59.17490191054307
7.0 13.0 61.85833944390589
8.0 13.0 64.35577076573017
9.0 13.0 66.5231449866995
10.0 13.0 68.21666848360778
11.0 13.0 69.52136103553649
12.0 13.0 70.21781169353316
13.0 13.0 70.7712300654741
14.0 13.0 71.09145975196624
15.0 13.0 70.64013069445333
16.0 13.0 70.29899907072104
17.0 13.0 70.13341139009194
18.0 13.0 69.39369415954948
19.0 13.0 69.09090673852162
20.0 13.0 69.38665313840707
21.0 13.0 69.3750386829893
22.0 13.0 69.68782577390523
23.0 13.0 70.39719470866044
24.0 13.0 71.05973573155765
25.0 13.0 71.9596182098179
26.0 13.0 72.77721510182118
27.0 13.0 73.71441374666384
28.0 13.0 74.93141427373368
29.0 13.0 75.71724613397967
30.0 13.0 76.77536250240954
31.0 13.0 78.32836583671356
32.0 13.0 79.3342882147706
33.0 13.0 80.54420154653502
34.0 13.0 82.42448375355997
35.0 13.0 83.99539707538057
36.0 13.0 85.53355629544045
37.0 13.0 87.12572542939562
38.0 13.0 87.99789172252648
39.0 13.0 88.36023730211028
40.0 13.0 88.16907341325407
41.0 13.0 87.25002524753332
42.0 13.0 85.92153730257661
43.0 13.0 83.69715249841158
44.0 13.0 81.01687988175038
45.0 13.0 78.65258033271533
46.0 13.0 75.70043359899284
47.0 13.0 72.88706747131033
48.0 13.0 73.10502317756453
49.0 13.0 72.09070532323052

0.0 14.0 41.97812263786736
1.0 14.0 43.58226345619614
2.0 14.0 45.953664613301086
3.0 14.0 48.740395047662105
4.0 14.0 51.2762156428224
5.0 14.0 54.42240388998487
6.0 14.0 57.70945541960792
7.0 14.0 60.43204268675458
8.0 14.0 62.93118360077938
9.0 14.0 65.04373325083492
10.0 14.0 66.8056977154574
11.0 14.0 68.16931133427528
12.0 14.0 68.83373324696745
13.0 14.0 69.4169286002562
14.0 14.0 69.76217339182104
15.0 14.0 69.28749332660334
16.0 14.0 68.98513228488788
17.0 14.0 68.89092422670201
18.0 14.0 68.24291065627096
19.0 14.0 68.02249667141554
20.0 14.0 68.31978201634745
21.0 14.0 68.34214122107332
22.0 14.0 68.68120740351449
23.0 14.0 69.32234305947571
24.0 14.0 70.00827659048261
25.0 14.0 70.95430830059635
26.0 14.0 71.7066470440242
27.0 14.0 72.63264560677997
28.0 14.0 73.83747177700577
29.0 14.0 74.50987527984036
30.0 14.0 75.47012708098973
31.0 14.0 76.93864615788499
32.0 14.0 77.86850829498611
33.0 14.0 79.02026142592015
34.0 14.0 80.80995437603045
35.0 14.0 82.33832219433232
36.0 14.0 83.84128193506751
37.0 14.0 85.29722741195879
38.0 14.0 86.10829074086269
39.0 14.0 86.47615559974007
40.0 14.0 86.18499703150474
41.0 14.0 85.2408511110158
42.0 14.0 84.00507446073505
43.0 14.0 81.851060348889
44.0 14.0 79.33089402369276
45.0 14.0 77.18404117407766
46.0 14.0 74.3770235291226
47.0 14.0 71.61099297453771
48.0 14.0 72.02475621610125
49.0 14.0 71.51693114331772

0.0 15.0 39.474420952524625
1.0 15.0 40.88742550831317
2.0 15.0 43.09661635191894
3.0 15.0 45.737750825951224
4.0 15.0 48.253194006494624
5.0 15.0 51.3898909406022
6.0 15.0 54.610767464034815
7.0 15.0 57.364342512453874
8.0 15.0 59.87846590455912
9.0 15.0 61.96400338638598
10.0 15.0 63.825886917007075
11.0 15.0 65.2774646690811
12.0 15.0 65.95817713078719
13.0 15.0 66.64808123100124
14.0 15.0 67.13886714622794
15.0 15.0 66.81305070106313
16.0 15.0 66.71952715243513
17.0 15.0 66.8323959499323
18.0 15.0 66.38896149605114
19.0 15.0 66.32029705399394
20.0 15.0 66.65573816895447
21.0 15.0 66.74980280052486
22.0 15.0 67.1286085904556
23.0 15.0 67.68254556009035
24.0 15.0 68.35690916531969
25.0 15.0 69.29772629888858
26.0 15.0 69.9368746882412
27.0 15.0 70.8077644769482
28.0 15.0 71.95477896607089
29.0 15.0 72.47508843186371
30.0 15.0 73.2661126594293
31.0 15.0 74.54400364837393
32.0 15.0 75.31028755174535
33.0 15.0 76.31935883922098
34.0 15.0 77.92092697296671
35.0 15.0 79.33322187438195
36.0 15.0 80.75607292799
37.0 15.0 82.05030812984371
38.0 15.0 82.79401159080206
39.0 15.0 83.16368559910055
40.0 15.0 82.77319307510695
41.0 15.0 81.81950201448868
42.0 15.0 80.70338330116644
43.0 15.0 78.67843382121961
44.0 15.0 76.39198639711896
45.0 15.0 74.52884249582462
46.0 15.0 71.95831036391195
47.0 15.0 69.30223818232403
48.0 15.0 69.92140166635846
49.0 15.0 69.69902421157515

0.0 16.0 36.570619054293275
1.0 16.0 37.63785494979399
2.0 16.0 39.50803660854943
3.0 16.0 41.780129239739956
4.0 16.0 44.03661379784418
5.0 16.0 46.99996991408359
6.0 16.0 50.12651203799862
7.0 16.0 52.926466489740704
8.0 16.0 55.43801153666242
9.0 16.0 57.45098435382838
10.0 16.0 59.351764043729986
11.0 16.0 60.860002564902445
12.0 16.0 61.61103196225099
13.0 16.0 62.53106606081653
14.0 16.0 63.32753548280426
15.0 16.0 63.31957567514412
16.0 16.0 63.551776300423946
17.0 16.0 63.93777791154507
18.0 16.0 63.767660140926736
19.0 16.0 63.92022356582415
20.0 16.0 64.37523225473504
21.0 16.0 64.65602511663963
22.0 16.0 65.18551421296814
23.0 16.0 65.74101916669765
24.0 16.0 66.46651703900906
25.0 16.0 67.42585132575499
26.0 16.0 67.95534185291011
27.0 16.0 68.75137337514481
28.0 16.0 69.80883483500958
29.0 16.0 70.17252230469036
30.0 16.0 70.77117682997233
31.0 16.0 71.77805935006096
32.0 16.0 72.28407620937472
33.0 16.0 73.04114180616953
34.0 16.0 74.3358081670489
35.0 16.0 75.53939357543501
36.0 16.0 76.81900200123692
37.0 16.0 77.91937541281519
38.0 16.0 78.57890460527082
39.0 16.0 78.92382590943342
40.0 16.0 78.40199488345601
41.0 16.0 77.40679933761803
42.0 16.0 76.38072823860468
43.0 16.0 74.48832748688847
44.0 16.0 72.45590713067338
45.0 16.0 70.89825072443816
46.0 16.0 68.62922599490645
47.0 16.0 66.13058555417888
48.0 16.0 66.94655060491843
49.0 16.0 66.75512122062472

0.0 17.0 33.83763586740231
1.0 17.0 34.84247504574842
2.0 17.0 36.46598697551684
3.0 17.0 38.30124374170234
4.0 17.0 40.0815747134382
5.0 17.0 42.45691174606476
6.0 17.0 45.10101205460947
7.0 17.0 47.860474122375194
8.0 17.0 50.44705931216832
9.0 17.0 52.47786939114895
10.0 17.0 54.47898746719366
11.0 17.0 56.00510900444621
12.0 17.0 56.77920516839849
13.0 17.0 57.93292341529644
14.0 17.0 59.06878887195461
15.0 17.0 59.423164350033225
16.0 17.0 59.986143585196004
17.0 17.0 60.618631983610456
18.0 17.0 60.70492248293277
19.0 17.0 61.04817254381952
20.0 17.0 61.585607863623025
21.0 17.0 62.04397653060962
22.0 17.0 62.7356860857693
23.0 17.0 63.340135339307196
24.0 17.0 64.20441836392015
25.0 17.0 65.29278472659699
26.0 17.0 65.85041570935276
27.0 17.0 66.69974261641005
28.0 17.0 67.76961666081067
29.0 17.0 68.08747504781641
30.0 17.0 68.59200921257363
31.0 17.0 69.39100140489845
32.0 17.0 69.65202053118237
33.0 17.0 70.07466680041478
34.0 17.0 70.90940276702295
35.0 17.0 71.75457127177545
36.0 17.0 72.76063843501197
37.0 17.0 73.59895550409169
38.0 17.0 74.16288445008911
39.0 17.0 74.47702858142219
40.0 17.0 73.81734638700726
41.0 17.0 72.75674898816861
42.0 17.0 71.79458275742067
43.0 17.0 70.05169769335689
44.0 17.0 68.30984509805856
45.0 17.0 67.09564944417812
46.0 17.0 65.21015076633778
47.0 17.0 62.92436333109616
48.0 17.0 63.91325512971201
49.0 17.0 63.52927843045683

0.0 18.0 30.43041973087771
1.0 18.0 31.607251026817888
2.0 18.0 33.3845766495987
3.0 18.0 35.30688324704834
4.0 18.0 37.18667900862222
5.0 18.0 39.42390061224232
6.0 18.0 41.67786500905224
7.0 18.0 44.059005138271246
8.0 18.0 46.297146974780446
9.0 18.0 48.14038680312928
10.0 18.0 50.31899637829737
11.0 18.0 52.23372610151057
12.0 18.0 53.24469196802242
13.0 18.0 54.28423853393403
14.0 18.0 55.31188636680981
15.0 18.0 55.88229563504639
16.0 18.0 56.78978323169982
17.0 18.0 57.73218061366433
18.0 18.0 58.15953737155435
19.0 18.0 58.72962903806558
20.0 18.0 59.31505214627849
21.0 18.0 59.85763373521672
22.0 18.0 60.553485817633835
23.0 18.0 61.027665745169855
24.0 18.0 61.87352979977133
25.0 18.0 62.99361574273648
26.0 18.0 63.586521331586994
27.0 18.0 64.56534844969326
28.0 18.0 65.77209268118193
29.0 18.0 66.2350559230404
30.0 18.0 66.85464924624742
31.0 18.0 67.6761836002438
32.0 18.0 67.98441548478438
33.0 18.0 68.3364706485811
34.0 18.0 68.84376605966258
35.0 18.0 69.3210606754786
36.0 18.0 69.9089376837917
37.0 18.0 70.2940311550652
38.0 18.0 70.6523387898594
39.0 18.0 70.87586212156017
40.0 18.0 70.05099904722704
41.0 18.0 68.8383682607809
42.0 18.0 67.827413776186
43.0 18.0 66.19089530889184
44.0 18.0 64.72583028922357
45.0 18.0 63.83936286838927
46.0 18.0 62.36369485409686
47.0 18.0 60.291097199831924
48.0 18.0 61.37128279194052
49.0 18.0 60.64239470644973

0.0 19.0 29.39952041169446
1.0 19.0 30.280947361345753
2.0 19.0 31.86152785014167
3.0 19.0 33.71574381805341
4.0 19.0 35.684326276536886
5.0 19.0 37.82216324951702
6.0 19.0 39.816783759174356
7.0 19.0 42.014980039344785
8.0 19.0 43.985390941826395
9.0 19.0 45.48492220203046
10.0 19.0 47.423084131417454
11.0 19.0 49.187921817484245
12.0 19.0 50.29363101828489
13.0 19.0 51.800187075286274
14.0 19.0 53.209447684839034
15.0 19.0 53.83301878297488
16.0 19.0 54.589201484062784
17.0 19.0 55.493546144996955
18.0 19.0 56.25495908477336
19.0 19.0 57.262231703102856
20.0 19.0 58.1537035786512
21.0 19.0 58.941666761846335
22.0 19.0 59.70399113465115
23.0 19.0 60.06878373767568
24.0 19.0 60.82574178697598
25.0 19.0 61.76561953358659
26.0 19.0 62.08086247446412
27.0 19.0 62.812721063339396
28.0 19.0 63.823381909689324
29.0 19.0 64.26983576748185
30.0 19.0 64.99491024299921
31.0 19.0 65.9346495200194
32.0 19.0 66.48065307760191
33.0 19.0 67.02356675580481
34.0 19.0 67.55253138319844
35.0 19.0 68.07133502116959
36.0 19.0 68.5641682610426
37.0 19.0 68.60221637996888
38.0 19.0 68.72091521588527
39.0 19.0 68.86639269350565
40.0 19.0 67.99674202914291
41.0 19.0 66.68176004150723
42.0 19.0 65.39284862402454
43.0 19.0 63.66056482859856
44.0 19.0 62.31455673472905
45.0 19.0 61.59600133237325
46.0 19.0 60.426079057678436
47.0 19.0 58.46860425641577
48.0 19.0 59.48925647119279
49.0 19.0 58.36611616931637

0.0 20.0 29.00986896312186
1.0 20.0 30.079530049445715
2.0 20.0 31.54667107205514
3.0 20.0 33.07276483417236
4.0 20.0 34.852503851347656
5.0 20.0 36.81478502955388
6.0 20.0 38.62262994221055
7.0 20.0 40.74448144157564
8.0 20.0 42.57009918899352
9.0 20.0 43.87700154373833
10.0 20.0 45.6634378601765
11.0 20.0 47.08002859228304
12.0 20.0 47.41443191483038
13.0 20.0 48.37397051948499
14.0 20.0 49.79972727623729
15.0 20.0 50.866413262098106
16.0 20.0 52.19692092696435
17.0 20.0 53.54968828695423
18.0 20.0 54.728536414271396
19.0 20.0 56.00908175669123
20.0 20.0 57.0976431287843
21.0 20.0 58.34648661090159
22.0 20.0 59.64472880437573
23.0 20.0 60.47855820254152
24.0 20.0 61.69071462320343
25.0 20.0 62.84757681721388
26.0 20.0 63.057049741370605
27.0 20.0 63.36100940654821
28.0 20.0 63.81823871036988
29.0 20.0 63.89961787467481
30.0 20.0 64.32211662276475
31.0 20.0 64.96193780835992
32.0 20.0 65.40749308961257
33.0 20.0 65.88258678152097
34.0 20.0 66.28843510283205
35.0 20.0 66.87717506040703
36.0 20.0 67.48225510801376
37.0 20.0 67.48250976183039
38.0 20.0 67.5633488430982
39.0 20.0 67.67793296245304
40.0 20.0 66.86616896120805
41.0 20.0 65.89205028399289
42.0 20.0 64.66699370635209
43.0 20.0 62.5968547619174
44.0 20.0 61.237862811635296
45.0 20.0 60.63979793300507
46.0 20.0 59.77986409099979
47.0 20.0 57.936872504483205
48.0 20.0 58.823948227490334
49.0 20.0 57.439074141306314

0.0 21.0 29.803981683293017
1.0 21.0 30.802757076191
2.0 21.0 31.93297481367403
3.0 21.0 32.95730396256414
4.0 21.0 34.38312285291379
5.0 21.0 36.24747367115326
6.0 21.0 37.86653466115784
7.0 21.0 39.794819215718576
8.0 21.0 41.4578686717099
9.0 21.0 42.65989775280036
10.0 21.0 44.382186534764344
11.0 21.0 45.88947733525909
12.0 21.0 46.75086737154389
13.0 21.0 47.74175735586123
14.0 21.0 48.42344398342783
15.0 21.0 49.35704737432962
16.0 21.0 50.72366637595729
17.0 21.0 52.051451555866294
18.0 21.0 53.408476449915625
19.0 21.0 54.89224638769233
20.0 21.0 56.06929144259483
21.0 21.0 57.506925362979985
22.0 21.0 59.0714870998999
23.0 21.0 60.143957310281834
24.0 21.0 61.34696304122028
25.0 21.0 62.10864190563432
26.0 21.0 62.23380929501343
27.0 21.0 62.963597559585175
28.0 21.0 63.89009757560598
29.0 21.0 64.47462753361646
30.0 21.0 65.29508914665817
31.0 21.0 65.87016078134948
32.0 21.0 66.1025658548694
33.0 21.0 66.24459234828457
34.0 21.0 66.11993038843455
35.0 21.0 66.4971123544899
36.0 21.0 67.02625842851405
37.0 21.0 66.6668045971804
38.0 21.0 66.45697403892669
39.0 21.0 66.50355120128245
40.0 21.0 65.7492518778871
41.0 21.0 64.93301658557598
42.0 21.0 64.16060981765776
43.0 21.0 62.63892612430796
44.0 21.0 61.015081838324505
45.0 21.0 60.22681897175497
46.0 21.0 59.83127554728452
47.0 21.0 58.26447299578448
48.0 21.0 59.068951270410594
49.0 21.0 57.76058374218478

0.0 22.0 28.420728521907314
1.0 22.0 29.48523530963886
2.0 22.0 31.05602666862913
3.0 22.0 32.22494214956916
4.0 22.0 33.61402748070991
5.0 22.0 35.4004668854869
6.0 22.0 36.83159686169204
7.0 22.0 38.836653716414936
8.0 22.0 40.521696775752
9.0 22.0 41.488665965181326
10.0 22.0 42.14529058376998
11.0 22.0 43.84248880363397
12.0 22.0 45.50328900806046
13.0 22.0 46.58383089743956
14.0 22.0 47.12696887702222
15.0 22.0 48.37322850225322
16.0 22.0 49.69680046389429
17.0 22.0 50.86801424966201
18.0 22.0 52.285817442281825
19.0 22.0 53.9363643591265
20.0 22.0 54.797691899589125
21.0 22.0 56.81956438149684
22.0 22.0 58.369621972404694
23.0 22.0 59.47977117987891
24.0 22.0 60.03385252223302
25.0 22.0 61.281483331814826
26.0 22.0 62.963739750615574
27.0 22.0 64.1627996076823
28.0 22.0 64.75346285979025
29.0 22.0 64.39245518698459
30.0 22.0 64.93026779865193
31.0 22.0 65.78527439231503
32.0 22.0 66.15157205950902
33.0 22.0 66.06135041680429
34.0 22.0 66.11544778804364
35.0 22.0 66.3873906177343
36.0 22.0 66.68879244402288
37.0 22.0 66.31168150330637
38.0 22.0 66.12138182282646
39.0 22.0 65.22673471096842
40.0 22.0 64.48219327231706
41.0 22.0 64.1011025815309
42.0 22.0 63.104328862945025
43.0 22.0 60.798725847200174
44.0 22.0 59.962880156362885
45.0 22.0 59.72313999304138
46.0 22.0 59.795556032133945
47.0 22.0 58.46964075883115
48.0 22.0 59.49642410192639
49.0 22.0 58.277416910131976

0.0 23.0 27.620993239564502
1.0 23.0 28.801824724437118
2.0 23.0 30.013927043377855
3.0 23.0 30.876006994016567
4.0 23.0 32.63949497042355
5.0 23.0 34.21981273030409
6.0 23.0 35.631289301675395
7.0 23.0 37.706934180038985
8.0 23.0 38.97649394304296
9.0 23.0 40.60181304491441
10.0 23.0 41.109208173370554
11.0 23.0 43.46655531837928
12.0 23.0 43.97648032471744
13.0 23.0 44.944381949712366
14.0 23.0 46.87098849925755
15.0 23.0 47.82902639629049
16.0 23.0 49.06116571262396
17.0 23.0 50.42657817930986
18.0 23.0 52.00346688575266
19.0 23.0 53.0970279433076
20.0 23.0 54.05654492421761
21.0 23.0 56.02840404845009
22.0 23.0 57.396352649289966
23.0 23.0 58.478647500122925
24.0 23.0 60.245173566534376
25.0 23.0 60.56194685387773
26.0 23.0 62.62095153783562
27.0 23.0 62.76413011463232
28.0 23.0 64.25069205553902
29.0 23.0 65.01506158860114
30.0 23.0 64.86727291378301
31.0 23.0 65.70465236582105
32.0 23.0 65.68008826488573
33.0 23.0 66.10121948362539
34.0 23.0 65.89169927878055
35.0 23.0 66.2206860795124
36.0 23.0 66.50010128561264
37.0 23.0 65.77559214590359
38.0 23.0 65.82590300544022
39.0 23.0 65.43657193042856
40.0 23.0 63.76636995388747
41.0 23.0 63.543502044118995
42.0 23.0 61.27638291483518
43.0 23.0 60.785811776877765
44.0 23.0 59.41665470293743
45.0 23.0 59.23950689003181
46.0 23.0 59.597985016477416
47.0 23.0 58.879318545277144
48.0 23.0 59.31390367395881
49.0 23.0 59.14284065881287

0.0 24.0 27.18617390302525
1.0 24.0 28.090600033875724
2.0 24.0 28.843320837221572
3.0 24.0 29.926232774567744
4.0 24.0 31.662339035188058
5.0 24.0 33.33105794769906
6.0 24.0 34.791993145161044
7.0 24.0 36.938697245724626
8.0 24.0 38.332783666736496
9.0 24.0 38.91696316314163
10.0 24.0 40.82166416277905
11.0 24.0 42.95446036613936
12.0 24.0 44.28977790552607
13.0 24.0 45.1200788480502
14.0 24.0 46.30093381981274
15.0 24.0 47.94307698327755
16.0 24.0 49.364198127657716
17.0 24.0 50.238585509506635
18.0 24.0 51.55190177319258
19.0 24.0 53.24201506056414
20.0 24.0 54.28602177816948
21.0 24.0 55.24320603949934
22.0 24.0 56.91374713659951
23.0 24.0 58.29991751340454
24.0 24.0 59.75942182118532
25.0 24.0 61.12788751205292
26.0 24.0 61.67026286560983
27.0 24.0 62.25581691443653
28.0 24.0 63.376282011012535
29.0 24.0 64.7176385727627
30.0 24.0 65.34811563256984
31.0 24.0 65.46802456042543
32.0 24.0 65.69984784381896
33.0 24.0 66.1373488145713
34.0 24.0 65.96389742959215
35.0 24.0 66.2774531519028
36.0 24.0 66.59759721131262
37.0 24.0 66.18384599469515
38.0 24.0 65.81839886170887
39.0 24.0 64.64048872437411
40.0 24.0 63.56135828215441
41.0 24.0 63.03038824723476
42.0 24.0 62.21071179137162
43.0 24.0 60.63213595674513
44.0 24.0 59.38581701311659
45.0 24.0 59.26984104131736
46.0 24.0 60.053253184449645
47.0 24.0 59.38872658732711
48.0 24.0 59.653071585987405
49.0 24.0 59.72614904542708

0.0 25.0 26.38256776122354
1.0 25.0 27.45213548653419
2.0 25.0 28.37472495496945
3.0 25.0 29.35128597966036
4.0 25.0 31.1785437648892
5.0 25.0 32.88123812514782
6.0 25.0 34.296015340016965
7.0 25.0 36.06616750892922
8.0 25.0 37.64023150937436
9.0 25.0 39.1289255373011
10.0 25.0 41.055247897157386
11.0 25.0 42.80625482996908
12.0 25.0 44.274657930087926
13.0 25.0 45.56466435899852
14.0 25.0 46.64857036149878
15.0 25.0 48.11534257789364
16.0 25.0 49.69128100501282
17.0 25.0 50.89640330232982
18.0 25.0 52.24015014338006
19.0 25.0 53.35359423276654
20.0 25.0 54.216597444212326
21.0 25.0 55.78865233159125
22.0 25.0 57.179482509485126
23.0 25.0 58.08854759607105
24.0 25.0 59.415069710799386
25.0 25.0 60.672826681714014
26.0 25.0 61.71946442324641
27.0 25.0 62.68690079303446
28.0 25.0 63.18875261895761
29.0 25.0 63.94192828262594
30.0 25.0 64.6842549487194
31.0 25.0 64.94736700219073
32.0 25.0 65.58901419112874
33.0 25.0 66.0877326592711
34.0 25.0 66.00443441254046
35.0 25.0 66.40727931585303
36.0 25.0 66.82103347770395
37.0 25.0 66.57975319665377
38.0 25.0 66.4195871542127
39.0 25.0 65.69037026347927
40.0 25.0 64.21310084654901
41.0 25.0 63.133753666205
42.0 25.0 61.92669248517194
43.0 25.0 60.75539595380775
44.0 25.0 59.88849182358795
45.0 25.0 59.368885647894935
46.0 25.0 60.163335412501695
47.0 25.0 59.70842548278454
48.0 25.0 60.17752319458339
49.0 25.0 60.89109038896476

0.0 26.0 25.655467793484494
1.0 26.0 26.83742766184525
2.0 26.0 27.813450186646506
3.0 26.0 28.868327978294097
4.0 26.0 30.748793212299688
5.0 26.0 32.38300163264667
6.0 26.0 33.91071250873939
7.0 26.0 36.005572445054085
8.0 26.0 37.851554036562995
9.0 26.0 39.46112270551393
10.0 26.0 41.16582507190632
11.0 26.0 42.68510270381089
12.0 26.0 44.14984248991078
13.0 26.0 45.378717491109356
14.0 26.0 46.474083418052565
15.0 26.0 48.011784323155375
16.0 26.0 49.4127093328667
17.0 26.0 50.69025112016347
18.0 26.0 52.298279440595145
19.0 26.0 53.336078357226135
20.0 26.0 53.83967030974476
21.0 26.0 54.96465668646067
22.0 26.0 56.11695166971152
23.0 26.0 57.12943480060271
24.0 26.0 58.519197017669015
25.0 26.0 59.76128811737685
26.0 26.0 60.90849023822845
27.0 26.0 61.88538230089485
28.0 26.0 62.49822950625892
29.0 26.0 63.39717907104467
30.0 26.0 64.04326400486966
31.0 26.0 64.2196795837948
32.0 26.0 64.91899210015781
33.0 26.0 65.47389065163985
34.0 26.0 65.53621637914794
35.0 26.0 66.0905230971961
36.0 26.0 66.41497849538356
37.0 26.0 65.9543934531234
38.0 26.0 65.69452890049502
39.0 26.0 65.44580977548688
40.0 26.0 64.8805256839272
41.0 26.0 64.07938038103572
42.0 26.0 62.78056905083291
43.0 26.0 61.548847740470976
44.0 26.0 60.478575754718456
45.0 26.0 59.647397000256284
46.0 26.0 60.450679255095025
47.0 26.0 60.2483563935689
48.0 26.0 60.68041479475323
49.0 26.0 61.420974702323406

0.0 27.0 24.726204399429477
1.0 27.0 25.98682151710193
2.0 27.0 26.934127141583158
3.0 27.0 28.00293767537893
4.0 27.0 29.954290799124713
5.0 27.0 31.752467655899878
6.0 27.0 33.49203358951327
7.0 27.0 35.49383656579041
8.0 27.0 36.966777461258786
9.0 27.0 38.14180973019299
10.0 27.0 39.54069288074973
11.0 27.0 41.09709960309722
12.0 27.0 42.9168978430243
13.0 27.0 44.45298904089462
14.0 27.0 45.84596395772877
15.0 27.0 47.669407814846664
16.0 27.0 49.021321021735616
17.0 27.0 49.96808678567937
18.0 27.0 51.44258245367595
19.0 27.0 52.592549642426775
20.0 27.0 53.35819217963238
21.0 27.0 54.57644862006218
22.0 27.0 55.62801181529259
23.0 27.0 56.50378336065786
24.0 27.0 57.51164595271093
25.0 27.0 58.35726794254816
26.0 27.0 59.401439605579114
27.0 27.0 60.27210701710904
28.0 27.0 60.78603283850212
29.0 27.0 61.71941961353226
30.0 27.0 62.34530287123475
31.0 27.0 62.527723066245116
32.0 27.0 63.33232384270396
33.0 27.0 64.0093131810376
34.0 27.0 64.19786692693697
35.0 27.0 64.80676824134225
36.0 27.0 65.37154870444539
37.0 27.0 65.5469042338604
38.0 27.0 65.76879799198498
39.0 27.0 65.74822137443847
40.0 27.0 65.46426576031598
41.0 27.0 64.761478718105
42.0 27.0 63.353777824185165
43.0 27.0 62.04543737757579
44.0 27.0 60.740706018866476
45.0 27.0 59.57811359744224
46.0 27.0 60.32114285375613
47.0 27.0 60.36175882991253
48.0 27.0 60.60650462065446
49.0 27.0 60.98749391975267

0.0 28.0 23.68393083111099
1.0 28.0 25.016717876454656
2.0 28.0 25.968851905651974
3.0 28.0 26.9899176722126
4.0 28.0 28.678162094836065
5.0 28.0 30.147775382972505
6.0 28.0 31.618481917806363
7.0 28.0 33.336613075452405
8.0 28.0 34.9551768931131
9.0 28.0 36.645298550084654
10.0 28.0 38.143476805219926
11.0 28.0 39.5808567254802
12.0 28.0 41.31055878088878
13.0 28.0 42.60143724582983
14.0 28.0 43.75910437028318
15.0 28.0 45.470780247711794
16.0 28.0 46.76190719677625
17.0 28.0 47.81481197108823
18.0 28.0 49.53975430599823
19.0 28.0 51.02601065125013
20.0 28.0 52.1047139949474
21.0 28.0 53.30281972429708
22.0 28.0 54.19678803821661
23.0 28.0 55.03572300059424
24.0 28.0 55.85930993632928
25.0 28.0 56.49219911720088
26.0 28.0 57.45078589244001
27.0 28.0 58.10531921936928
28.0 28.0 58.445214642696655
29.0 28.0 59.42051267298811
30.0 28.0 60.12543775876145
31.0 28.0 60.383031135096
32.0 28.0 61.22018015392034
33.0 28.0 61.97295161184751
34.0 28.0 62.41458307515993
35.0 28.0 63.253269130714536
36.0 28.0 64.05470970264122
37.0 28.0 64.61069456591724
38.0 28.0 65.04694831580491
39.0 28.0 65.12043346032158
40.0 28.0 65.07906215680273
41.0 28.0 64.5144715690423
42.0 28.0 63.126724060745964
43.0 28.0 61.8645610912133
44.0 28.0 60.424368751207865
45.0 28.0 59.00463578002763
46.0 28.0 59.65964354446253
47.0 28.0 59.92166732370366
48.0 28.0 59.900313779837624
49.0 28.0 59.65153226892168

0.0 29.0 22.46462928740238
1.0 29.0 23.7482353868779
2.0 29.0 24.640196207322496
3.0 29.0 25.670015500616213
4.0 29.0 27.310794384825524
5.0 29.0 28.9150692950352
6.0 29.0 30.649240762036793
7.0 29.0 32.37848180324329
8.0 29.0 33.97326797498559
9.0 29.0 35.66748864485751
10.0 29.0 36.95202184580623
11.0 29.0 38.19043742640168
12.0 29.0 39.839290754382844
13.0 29.0 41.00548376220112
14.0 29.0 42.10552348489781
15.0 29.0 43.87555064503283
16.0 29.0 45.381602791200685
17.0 29.0 46.825251961194105
18.0 29.0 48.678974270844265
19.0 29.0 49.994813107747284
20.0 29.0 50.934618142354296
21.0 29.0 51.924485958797796
22.0 29.0 52.680036884360405
23.0 29.0 53.53043908397891
24.0 29.0 54.170169761719414
25.0 29.0 54.6044357820018
26.0 29.0 55.550350223482624
27.0 29.0 56.165333429105075
28.0 29.0 56.474884828731675
29.0 29.0 57.43059148581463
30.0 29.0 58.09579751112064
31.0 29.0 58.388789751674
32.0 29.0 59.22221225940909
33.0 29.0 60.01712533797652
34.0 29.0 60.65787031756828
35.0 29.0 61.57876551551932
36.0 29.0 62.44423049213601
37.0 29.0 63.24687795935845
38.0 29.0 63.8169622372293
39.0 29.0 63.97211144161177
40.0 29.0 64.17853926144717
41.0 29.0 63.78539230652243
42.0 29.0 62.494169781120746
43.0 29.0 61.314236418069655
44.0 29.0 59.77440631527601
45.0 29.0 58.1607964854817
46.0 29.0 58.70467537019408
47.0 29.0 59.174119038455096
48.0 29.0 58.93080884247395
49.0 29.0 57.95647750788844

0.0 30.0 21.495192151879607
1.0 30.0 22.620437314597158
2.0 30.0 23.419422274467188
3.0 30.0 24.419172849813286
4.0 30.0 25.89248337413893
5.0 30.0 27.467731555972406
6.0 30.0 29.305053532000535
7.0 30.0 30.990291155402904
8.0 30.0 32.639203431666346
9.0 30.0 34.48336091548969
10.0 30.0 35.75186499021701
11.0 30.0 36.96888733841876
12.0 30.0 38.65526913419096
13.0 30.0 39.84678277829302
14.0 30.0 41.074594395947024
15.0 30.0 43.11283402174584
16.0 30.0 44.85911711424902
17.0 30.0 46.20657722223527
18.0 30.0 47.675436464630415
19.0 30.0 48.79509698703499
20.0 30.0 49.787908873366646
21.0 30.0 50.692996166979604
22.0 30.0 51.37723826232674
23.0 30.0 52.298158962702445
24.0 30.0 52.88325739131705
25.0 30.0 53.27853840988362
26.0 30.0 54.26515636412593
27.0 30.0 54.840571533393685
28.0 30.0 55.1122182626805
29.0 30.0 56.001401448022904
30.0 30.0 56.619009539177775
31.0 30.0 56.95938723025106
32.0 30.0 57.73324723420893
33.0 30.0 58.49595093722576
34.0 30.0 59.260832973416946
35.0 30.0 60.168722647399576
36.0 30.0 61.01667639901183
37.0 30.0 61.995711453122574
38.0 30.0 62.654983922753416
39.0 30.0 62.87491200430626
40.0 30.0 63.281531392879344
41.0 30.0 63.035645120774696
42.0 30.0 61.87071622939871
43.0 30.0 60.775592283896664
44.0 30.0 59.170641741610595
45.0 30.0 57.437397763927414
46.0 30.0 57.822273959153776
47.0 30.0 58.48156439829229
48.0 30.0 58.11554963831401
49.0 30.0 56.47803464959645

0.0 31.0 20.06185458423564
1.0 31.0 21.030604573337964
2.0 31.0 21.824995321150755
3.0 31.0 22.929865833551894
4.0 31.0 24.387555242935402
5.0 31.0 26.092132058451515
6.0 31.0 28.14571959842616
7.0 31.0 29.8612406837337
8.0 31.0 31.569906410719334
9.0 31.0 33.50081519344796
10.0 31.0 34.7391088550675
11.0 31.0 35.9742901309596
12.0 31.0 37.741467166756365
13.0 31.0 39.085646462614406
14.0 31.0 40.579758455659956
15.0 31.0 42.599091426658944
16.0 31.0 44.04168406061483
17.0 31.0 45.163799057163565
18.0 31.0 46.40763178042276
19.0 31.0 47.449870778973974
20.0 31.0 48.524485392563854
21.0 31.0 49.36217171512891
22.0 31.0 50.02328746542908
23.0 31.0 51.04763721815628
24.0 31.0 51.62558157324616
25.0 31.0 52.01911430905879
26.0 31.0 53.023306189368775
27.0 31.0 53.57582329817768
28.0 31.0 53.856790330912844
29.0 31.0 54.675067200653146
30.0 31.0 55.24689781994428
31.0 31.0 55.637020634062665
32.0 31.0 56.30866055542953
33.0 31.0 56.99227792353492
34.0 31.0 57.83611650007884
35.0 31.0 58.69048261547809
36.0 31.0 59.49050867330086
37.0 31.0 60.592437041187765
38.0 31.0 61.301813492623154
39.0 31.0 61.56583100255141
40.0 31.0 62.11213974596372
41.0 31.0 61.98751299099581
42.0 31.0 60.983046821207594
43.0 31.0 59.99410769235962
44.0 31.0 58.39392869028897
45.0 31.0 56.62422541110162
46.0 31.0 56.77599675635513
47.0 31.0 57.600567426127625
48.0 31.0 57.197030117746486
49.0 31.0 55.06549505985054

0.0 32.0 18.58733161010801
1.0 32.0 19.519947013065227
2.0 32.0 20.421208237894387
3.0 32.0 21.691562235833807
4.0 32.0 23.152179573244183
5.0 32.0 24.962531514405043
6.0 32.0 27.1630816442408
7.0 32.0 28.856938978820423
8.0 32.0 30.5733128500178
9.0 32.0 32.56102534700675
10.0 32.0 33.85590411261185
11.0 32.0 35.206944866802594
12.0 32.0 37.11573691162376
13.0 32.0 38.685282852175064
14.0 32.0 40.21782501592178
15.0 32.0 41.90464240180487
16.0 32.0 43.09696404766764
17.0 32.0 44.13686951883544
18.0 32.0 45.19737075544909
19.0 32.0 46.153148859269095
20.0 32.0 47.27337681705738
21.0 32.0 48.029530092787795
22.0 32.0 48.66240622664965
23.0 32.0 49.75054195959193
24.0 32.0 50.32089673745408
25.0 32.0 50.733128365133354
26.0 32.0 51.74004921839896
27.0 32.0 52.29440638255203
28.0 32.0 52.6249114241823
29.0 32.0 53.368716215005556
30.0 32.0 53.89687006504351
31.0 32.0 54.33930834737226
32.0 32.0 54.89641146152575
33.0 32.0 55.49145051040273
34.0 32.0 56.39360625215511
35.0 32.0 57.1835728845984
36.0 32.0 57.92235718120679
37.0 32.0 59.08917869347475
38.0 32.0 59.807559610239934
39.0 32.0 60.09421374235412
40.0 32.0 60.71940835788642
41.0 32.0 60.69121364466836
42.0 32.0 59.87645407408299
43.0 32.0 59.023818021087116
44.0 32.0 57.50940457007741
45.0 32.0 55.766931081641346
46.0 32.0 55.59814208016625
47.0 32.0 56.55827725586797
48.0 32.0 56.16768926219325
49.0 32.0 53.787803965312854

0.0 33.0 16.94551355473761
1.0 33.0 17.81980425023931
2.0 33.0 18.79244558249289
3.0 33.0 20.16926189401096
4.0 33.0 21.5832793465431
5.0 33.0 23.43504338054106
6.0 33.0 25.70457750909187
7.0 33.0 27.359053283649203
8.0 33.0 29.094800451281923
9.0 33.0 31.168565168587136
10.0 33.0 32.58897478728145
11.0 33.0 34.108963411438516
12.0 33.0 36.19014728690923
13.0 33.0 37.88971308356204
14.0 33.0 39.354704065645805
15.0 33.0 40.800243389677874
16.0 33.0 41.87888704749316
17.0 33.0 42.89843784481718
18.0 33.0 43.79064147481718
19.0 33.0 44.647388300958596
20.0 33.0 45.765839234749436
21.0 33.0 46.41507519644907
22.0 33.0 46.99529649270543
23.0 33.0 48.09140381680173
24.0 33.0 48.64451426928528
25.0 33.0 49.084200397197776
26.0 33.0 50.07357762504942
27.0 33.0 50.64142509628935
28.0 33.0 51.043738574309515
29.0 33.0 51.71547795422654
30.0 33.0 52.212998982709905
31.0 33.0 52.72070052404457
32.0 33.0 53.18195338741795
33.0 33.0 53.70479949001
34.0 33.0 54.65242042643946
35.0 33.0 55.376127149382725
36.0 33.0 56.04444100444405
37.0 33.0 57.21718570688823
38.0 33.0 57.90523389581428
39.0 33.0 58.19076881557371
40.0 33.0 58.83256499552082
41.0 33.0 58.86695523335242
42.0 33.0 58.24896466450863
43.0 33.0 57.55301079538813
44.0 33.0 56.19300437054926
45.0 33.0 54.52178147062538
46.0 33.0 53.96686183000438
47.0 33.0 55.04159444701984
48.0 33.0 54.69555910288538
49.0 33.0 52.356392995209745

0.0 34.0 14.87385889446043
1.0 34.0 15.66273593929453
2.0 34.0 16.665132203884475
3.0 34.0 18.08812272732032
4.0 34.0 19.417516461727168
5.0 34.0 21.25809948861595
6.0 34.0 23.537210152879922
7.0 34.0 25.151495420979565
8.0 34.0 26.9076250813495
9.0 34.0 29.034675067322073
10.0 34.0 30.56588115218014
11.0 34.0 32.25654857987913
12.0 34.0 34.45995026686152
13.0 34.0 36.2451877321087
14.0 34.0 37.733224928831795
15.0 34.0 39.083066480439456
16.0 34.0 40.16183738303218
17.0 34.0 41.227018454936676
18.0 34.0 42.003298963346715
19.0 34.0 42.7818978320189
20.0 34.0 43.873526978861065
21.0 34.0 44.406283578871985
22.0 34.0 44.91242391299001
23.0 34.0 45.959778965421975
24.0 34.0 46.473903503519594
25.0 34.0 46.92852190871027
26.0 34.0 47.86963660666542
27.0 34.0 48.446809087499574
28.0 34.0 48.926982921037705
29.0 34.0 49.53702154884649
30.0 34.0 50.02621641546149
31.0 34.0 50.617423523093834
32.0 34.0 51.01937171822763
33.0 34.0 51.50060742509966
34.0 34.0 52.48871099430063
35.0 34.0 53.15716290088492
36.0 34.0 53.75904475322158
37.0 34.0 54.89399127437011
38.0 34.0 55.52264714858852
39.0 34.0 55.78259657415259
40.0 34.0 56.37977502157531
41.0 34.0 56.43253228801812
42.0 34.0 55.99305790108573
43.0 34.0 55.460296400484424
44.0 34.0 54.31019723023809
45.0 34.0 52.759267600443664
46.0 34.0 51.80367290447538
47.0 34.0 52.98215972771488
48.0 34.0 52.69855831878541
49.0 34.0 50.659858831673645

0.0 35.0 12.951386828799432
1.0 35.0 13.645264198029306
2.0 35.0 14.643582679377406
3.0 35.0 16.060353256780488
4.0 35.0 17.278485808937862
5.0 35.0 19.065110044566172
6.0 35.0 21.302217090835533
7.0 35.0 22.859627833676115
8.0 35.0 24.590199066301125
9.0 35.0 26.680188444222217
10.0 35.0 28.247878962192836
11.0 35.0 30.029505944954426
12.0 35.0 32.27207963232093
13.0 35.0 34.15585487697774
14.0 35.0 35.764371360215584
15.0 35.0 37.14096870381316
16.0 35.0 38.33216987739139
17.0 35.0 39.53670143724156
18.0 35.0 40.30108159787259
19.0 35.0 41.07616830232625
20.0 35.0 42.16748624343194
21.0 35.0 42.61472947279826
22.0 35.0 43.04988359885209
23.0 35.0 44.00888525072273
24.0 35.0 44.45820727268424
25.0 35.0 44.8978991601509
26.0 35.0 45.75071706576511
27.0 35.0 46.313586392256106
28.0 35.0 46.85319679119554
29.0 35.0 47.40121312731733
30.0 35.0 47.889660033590765
31.0 35.0 48.56479931416646
32.0 35.0 48.9365419632029
33.0 35.0 49.40367116485865
34.0 35.0 50.43124421012642
35.0 35.0 51.06620841689932
36.0 35.0 51.620114544496275
37.0 35.0 52.696255161735166
38.0 35.0 53.25273591270178
39.0 35.0 53.46986313327987
40.0 35.0 53.97621037479488
41.0 35.0 54.00928834718229
42.0 35.0 53.72271953034479
43.0 35.0 53.357626691464176
44.0 35.0 52.46753171185113
45.0 35.0 51.09976754168678
46.0 35.0 49.76461056791567
47.0 35.0 51.01033529468182
48.0 35.0 50.76902041612523
49.0 35.0 49.17289652739292

0.0 36.0 11.702487170863977
1.0 36.0 12.304789642946691
2.0 36.0 13.277259937831726
3.0 36.0 14.651608582178278
4.0 36.0 15.745447112387621
5.0 36.0 17.446130896828542
6.0 36.0 19.59859820129593
7.0 36.0 21.075356859852988
8.0 36.0 22.72568565011001
9.0 36.0 24.686802593952297
10.0 36.0 26.183798462984342
11.0 36.0 27.91185897007115
12.0 36.0 30.075522326714427
13.0 36.0 32.03286406219516
14.0 36.0 33.77724344980058
15.0 36.0 35.22422988561638
16.0 36.0 36.584845713564576
17.0 36.0 38.001845767251844
18.0 36.0 38.873473608935534
19.0 36.0 39.7611197957327
20.0 36.0 40.94194333605638
21.0 36.0 41.40074875631778
22.0 36.0 41.83164567645393
23.0 36.0 42.72620450036875
24.0 36.0 43.12516924802269
25.0 36.0 43.54153256129591
26.0 36.0 44.28360438282651
27.0 36.0 44.80549436895226
28.0 36.0 45.368812654805815
29.0 36.0 45.836564527399474
30.0 36.0 46.30340919911629
31.0 36.0 47.0290238104599
32.0 36.0 47.36799639982458
33.0 36.0 47.82100303630368
34.0 36.0 48.87118403321582
35.0 36.0 49.484947909203925
36.0 36.0 50.00896409439151
37.0 36.0 51.023464611565714
38.0 36.0 51.514791317248694
39.0 36.0 51.691829527634326
40.0 36.0 52.093406244273595
41.0 36.0 52.08982384080976
42.0 36.0 51.92836588440866
43.0 36.0 51.71654308795324
44.0 36.0 51.097422770566794
45.0 36.0 49.94691252228634
46.0 36.0 48.2407492501023
47.0 36.0 49.4657046682992
48.0 36.0 49.21943110347067
49.0 36.0 48.073906134780906

0.0 37.0 10.47629743325951
1.0 37.0 10.993073007468654
2.0 37.0 11.933752112840093
3.0 37.0 13.258990497547229
4.0 37.0 14.245601023494553
5.0 37.0 15.859525180960318
6.0 37.0 17.91614517489569
7.0 37.0 19.314536549811727
8.0 37.0 20.876016204299756
9.0 37.0 22.68331922601979
10.0 37.0 24.05379105336426
11.0 37.0 25.611468416393336
12.0 37.0 27.563792126171805
13.0 37.0 29.53688776390712
14.0 37.0 31.387714975192317
15.0 37.0 32.8654673074588
16.0 37.0 34.34051492707082
17.0 37.0 35.927939852342725
18.0 37.0 36.928889469815715
19.0 37.0 37.985752885434266
20.0 37.0 39.33290127940963
21.0 37.0 39.91666605397973
22.0 37.0 40.45386631767323
23.0 37.0 41.3783714260326
24.0 37.0 41.81220617786113
25.0 37.0 42.26578053486584
26.0 37.0 42.9444331544456
27.0 37.0 43.45085470151949
28.0 37.0 44.039054915787844
29.0 37.0 44.4352163094612
30.0 37.0 44.87135325914611
31.0 37.0 45.61473797871879
32.0 37.0 45.907509843580755
33.0 37.0 46.328632559545795
34.0 37.0 47.368557200215406
35.0 37.0 47.951417324380955
36.0 37.0 48.44276187960958
37.0 37.0 49.38504824256925
38.0 37.0 49.80851437985644
39.0 37.0 49.936354575863106
40.0 37.0 50.21311121798081
41.0 37.0 50.13434545214787
42.0 37.0 50.02558698353753
43.0 37.0 49.89353916748545
44.0 37.0 49.49431246472844
45.0 37.0 48.568841043123086
46.0 37.0 46.52047291029103
47.0 37.0 47.65068190559789
48.0 37.0 47.398129171148064
49.0 37.0 46.62005663497733

0.0 38.0 9.682234707090652
1.0 38.0 10.085376761627915
2.0 38.0 10.970736941341393
3.0 38.0 12.242099464253094
4.0 38.0 13.151027282681504
5.0 38.0 14.705026734320786
6.0 38.0 16.689792042784287
7.0 38.0 18.039981717680817
8.0 38.0 19.54476879244786
9.0 38.0 21.242717084901784
10.0 38.0 22.524308744266634
11.0 38.0 23.91491385407995
12.0 38.0 25.573299260626847
13.0 38.0 27.45573778758194
14.0 38.0 29.428183239307124
15.0 38.0 30.951561529568373
16.0 38.0 32.475056291746256
17.0 38.0 34.11466485956708
18.0 38.0 35.13462150859818
19.0 38.0 36.27701405058684
20.0 38.0 37.75756054419778
21.0 38.0 38.500883093008724
22.0 38.0 39.21288145674275
23.0 38.0 40.25757767563328
24.0 38.0 40.82732299403459
25.0 38.0 41.4151099255198
26.0 38.0 42.133652464414496
27.0 38.0 42.71016381891617
28.0 38.0 43.3861133118643
29.0 38.0 43.77888135275312
30.0 38.0 44.228402024106174
31.0 38.0 45.00406561745699
32.0 38.0 45.26996293183237
33.0 38.0 45.6626095636134
34.0 38.0 46.67380113332029
35.0 38.0 47.212567780236526
36.0 38.0 47.65327716114548
37.0 38.0 48.49613378325407
38.0 38.0 48.819906901766515
39.0 38.0 48.85174328634996
40.0 38.0 48.9472142098861
41.0 38.0 48.71130931319165
42.0 38.0 48.53570341985521
43.0 38.0 48.36859044672447
44.0 38.0 48.11347783466951
45.0 38.0 47.43896194208466
46.0 38.0 45.142405071749266
47.0 38.0 46.154232234273735
48.0 38.0 45.94438070491706
49.0 38.0 45.35971575488693

0.0 39.0 9.84249157348412
1.0 39.0 10.125888626434108
2.0 39.0 10.911812742680578
3.0 39.0 12.084539795686121
4.0 39.0 12.901039085300932
5.0 39.0 14.397387136742871
6.0 39.0 16.3334802236001
7.0 39.0 17.673815152935013
8.0 39.0 19.169537565938228
9.0 39.0 20.826814607963655
10.0 39.0 22.103386184377065
11.0 39.0 23.438255994446855
12.0 39.0 24.892001038374147
13.0 39.0 26.56647347372224
14.0 39.0 28.532772990355795
15.0 39.0 30.18283065681671
16.0 39.0 31.812804658475976
17.0 39.0 33.48244720972498
18.0 39.0 34.40613589133568
19.0 39.0 35.42847695839695
20.0 39.0 36.85060722923488
21.0 39.0 37.65051006237591
22.0 39.0 38.51809023474511
23.0 39.0 39.72686138750515
24.0 39.0 40.50314877667421
25.0 39.0 41.306860533090706
26.0 39.0 42.17089580210903
27.0 39.0 42.91852582350942
28.0 39.0 43.772979853254185
29.0 39.0 44.2641404544877
30.0 39.0 44.80939681014507
31.0 39.0 45.675084076708444
32.0 39.0 45.97165737162039
33.0 39.0 46.3739477155012
34.0 39.0 47.36955704344635
35.0 39.0 47.8668003320205
36.0 39.0 48.24275727170178
37.0 39.0 48.958562320680684
38.0 39.0 49.140004093258796
39.0 39.0 49.014060625933084
40.0 39.0 48.86181657135361
41.0 39.0 48.3805151275053
42.0 39.0 48.01958344324899
43.0 39.0 47.70939280545414
44.0 39.0 47.5322755693463
45.0 39.0 47.158336128949486
46.0 39.0 44.75500601053622
47.0 39.0 45.64161557372983
48.0 39.0 45.52003496598556
49.0 39.0 44.86942810255804

