0 1180.198685228806
1 1081.3852856741048
2 1052.2808441015038
3 855.767553769814
4 571.753188181296
5 429.5526025827093
6 265.7184248789022
7 261.88547463721665
8 261.02113542344284
9 260.41864948949495
10 242.75944616263732
11 236.85474001772985
12 213.56656559005165
13 194.94212643257558
14 190.3742538967031
15 177.60118204608398
16 169.42329280112546
17 159.94287818815178
18 159.63477407036942
19 148.797039377678
20 136.97441196756947
21 136.97441196756947
22 126.12883221753147
23 113.49244055118459
24 110.99181408881309
25 108.64425081224111
26 95.3597234152699
27 93.58889682633038
28 84.16882641260545
29 81.5927262004798
30 81.37854787215045
31 78.21957030984069
32 76.10774439820888
33 75.68301733769859
34 73.00953014488623
35 72.25928369110851
36 71.27695041974063
37 70.09120384855655
38 69.16446044290221
39 69.04039934455719
40 67.45161363525179
41 67.45161363525179
42 65.54031685655298
43 64.76021025215717
44 64.69372600856714
45 64.60742675333442
46 62.59400179966358
47 62.59400179966358
48 61.723856989717895
49 61.723856989717895
50 61.24685294467976
51 59.956921570794414
52 58.84869966470781
53 57.641080966345164
54 56.95427316689351
55 56.04598501049513
56 56.04598501049513
57 55.63213244786281
58 55.122076494677295
59 53.0615330385754
60 53.0615330385754
61 52.91238795883049
62 52.51495688396365
63 51.40153075863899
64 50.51511863708527
65 49.84245907145599
66 49.71432098886303
67 49.240663190350645
68 49.16099267768548
69 48.66441956138681
70 48.13158119377029
71 48.13158119377029
72 47.9870598696981
73 45.02449952282434
74 45.02449952282434
75 44.06807713898875
76 44.06807713898875
77 43.330002655251405
78 42.56970958312731
79 42.345115189422785
80 42.2813382426806
81 41.49353073328086
82 40.62776997099269
83 40.62776997099269
84 39.533859425252764
85 38.660715100835816
86 38.658791925023
87 38.572692700069865
88 37.7740830135098
89 37.7740830135098
90 37.72012953116195
91 37.65077845134608
92 37.59863589779122
93 37.518919216854734
94 36.67830263784054
95 36.67830263784054
96 36.59174641706409
97 36.552824237623035
98 36.02894606321711
99 36.02894606321711
100 36.02894606321711
101 35.93638781364452
102 35.894438704862154
103 34.96019068852846
104 34.27371931659824
105 33.260087011785515
106 33.10722188402242
107 32.968096002008856
108 32.57681861622464
109 32.57681861622464
110 32.5433529580835
111 31.921521368687124
112 31.921521368687124
113 31.66768644878457
114 31.32113668662243
115 31.305112843146944
116 31.163588174461687
117 31.138787209516696
118 31.138787209516696
119 31.138787209516696
120 30.98104935365863
121 30.514600895902955
122 30.514600895902955
123 30.314129972519996
124 30.314129972519996
125 30.06602405592053
126 30.03046047895323
127 29.998929702568024
128 29.99252918674367
129 29.971091776141854
130 29.770043766748355
131 29.738985664257395
132 29.41010711331643
133 29.305395656813086
134 29.14616726447748
135 28.97323867211199
136 28.642287726473207
137 28.399348530273024
138 28.399348530273024
139 28.383728244249944
140 28.356710899313164
141 28.356710899313164
142 28.31100512815112
143 28.31100512815112
144 28.31030476064366
145 28.094652629161832
146 28.094652629161832
147 28.088127318421694
148 27.583105817255902
149 27.583105817255902
150 27.521232191751132
151 27.485686067974996
152 27.47231357328404
153 27.28332476591223
154 25.815712698642695
155 25.815712698642695
156 25.613801335993077
157 25.613801335993077
158 25.460739161926014
159 25.05309440051838
160 25.05309440051838
161 25.049122257141384
162 25.044235824723277
163 24.815249604260508
164 24.815249604260508
165 24.67907420396368
166 24.627263386388766
167 24.484645751636247
168 24.484645751636247
169 24.4242349448453
170 24.419129643031685
171 24.375666035448127
172 24.375666035448127
173 24.33616653391899
174 24.33616653391899
175 23.840450297519933
176 23.826510454341165
177 23.451023818009247
178 23.196955289453065
179 23.091148487469177
180 22.63040678987217
181 22.591063041370685
182 21.91129555572785
183 21.91129555572785
184 21.827509133138076
185 21.57978493950288
186 21.41708319640483
187 21.090560098169256
188 21.026969305572592
189 21.024177163927842
190 20.949166863480198
191 20.893851144001186
192 20.79690766246772
193 20.79690766246772
194 20.782185661927237
195 20.753054182313065
196 20.737040099234914
197 20.737040099234914
198 20.485444827168344
199 20.458585408126794
200 20.39290201960059
