0.0 0.0 58.697712333837075
1.0 0.0 57.46105025290859
2.0 0.0 57.29348006161514
3.0 0.0 57.57074320744894
4.0 0.0 58.302909284867525
5.0 0.0 58.968700897526205
6.0 0.0 59.77050222312068
7.0 0.0 60.80093777790876
8.0 0.0 61.640570295367915
9.0 0.0 63.07106869364617
10.0 0.0 63.269799173008735
11.0 0.0 62.50190894587121
12.0 0.0 62.376502181660996
13.0 0.0 62.77362955619891
14.0 0.0 63.34160044041215
15.0 0.0 63.07876544820812
16.0 0.0 62.425839665781226
17.0 0.0 62.21862377450363
18.0 0.0 62.23478558910975
19.0 0.0 62.185934662971626
20.0 0.0 62.02643414998936
21.0 0.0 61.738700218546946
22.0 0.0 61.360688473259245
23.0 0.0 61.22921110826131
24.0 0.0 60.6752838723644
25.0 0.0 59.59148366968541
26.0 0.0 58.91521925910311
27.0 0.0 58.33671555979147
28.0 0.0 57.43395367756782
29.0 0.0 56.674092017533326
30.0 0.0 55.9074296580812
31.0 0.0 55.18967507280594
32.0 0.0 54.472688837039485
33.0 0.0 53.84039428813385
34.0 0.0 52.82204278678295
35.0 0.0 52.510400945539104
36.0 0.0 51.43738520863363
37.0 0.0 50.32117605834451
38.0 0.0 48.77109705419966
39.0 0.0 46.176074995574915
40.0 0.0 44.37355755966704
41.0 0.0 41.61356019922276
42.0 0.0 38.519469938128736
43.0 0.0 37.08411753990549
44.0 0.0 34.6080913156153
45.0 0.0 31.96160482050234
46.0 0.0 30.406629531465057
47.0 0.0 29.18607676118816
48.0 0.0 28.142681953479094
49.0 0.0 27.512515008522957

0.0 1.0 59.14299336775621
1.0 1.0 58.79287558728957
2.0 1.0 58.12555263532864
3.0 1.0 58.10723576704464
4.0 1.0 58.64441283667193
5.0 1.0 59.373628724536246
6.0 1.0 60.35329609992258
7.0 1.0 61.513272916479195
8.0 1.0 62.251177559066704
9.0 1.0 63.382215476743184
10.0 1.0 63.551918260194626
11.0 1.0 62.98192681217578
12.0 1.0 62.73929130101993
13.0 1.0 62.59007593043843
14.0 1.0 63.01401474899223
15.0 1.0 62.58317474293446
16.0 1.0 61.987007692248326
17.0 1.0 62.024792331194995
18.0 1.0 62.23806035921829
19.0 1.0 62.389656801238516
20.0 1.0 62.47515952589405
21.0 1.0 62.440771147179255
22.0 1.0 62.21191390310662
23.0 1.0 62.1875988456619
24.0 1.0 61.98047444187911
25.0 1.0 61.128331809582846
26.0 1.0 60.66988772099391
27.0 1.0 59.97000972905535
28.0 1.0 59.106782325609544
29.0 1.0 58.076423766303044
30.0 1.0 57.15538109409486
31.0 1.0 56.09684673709906
32.0 1.0 54.931248800090614
33.0 1.0 54.13267974074762
34.0 1.0 52.51572264986608
35.0 1.0 52.34582071432183
36.0 1.0 50.90405877336633
37.0 1.0 49.82227273648813
38.0 1.0 48.405291732658156
39.0 1.0 45.68315077239893
40.0 1.0 44.18780917399678
41.0 1.0 41.362845532639156
42.0 1.0 38.31950926788926
43.0 1.0 37.138550319199055
44.0 1.0 34.41980964265947
45.0 1.0 31.958690730320562
46.0 1.0 30.510777514174542
47.0 1.0 29.34683846463088
48.0 1.0 28.362759219059114
49.0 1.0 27.58437325404655

0.0 2.0 59.85897340301305
1.0 2.0 60.279447222617705
2.0 2.0 59.27800529406934
3.0 2.0 59.05888530748341
4.0 2.0 59.45996709010228
5.0 2.0 60.22404930566853
6.0 2.0 61.31313640859598
7.0 2.0 62.62193471755165
8.0 2.0 63.26174731249864
9.0 2.0 64.15977428132686
10.0 2.0 64.32483051164732
11.0 2.0 63.934387499286885
12.0 2.0 63.59078643540915
13.0 2.0 62.95142160256586
14.0 2.0 63.0378488735419
15.0 2.0 62.39838764502824
16.0 2.0 61.807908364536274
17.0 2.0 61.913485340038974
18.0 2.0 62.153347393865786
19.0 2.0 62.35017538029278
20.0 2.0 62.53786766144094
21.0 2.0 62.649181978576884
22.0 2.0 62.54338435064605
23.0 2.0 62.56749837534946
24.0 2.0 62.61884844425176
25.0 2.0 62.16180662933517
26.0 2.0 61.91301207305809
27.0 2.0 61.196018275305136
28.0 2.0 60.46833440853596
29.0 2.0 59.38568777378485
30.0 2.0 58.33992583345481
31.0 2.0 57.1040519424534
32.0 2.0 55.49469224172716
33.0 2.0 54.6115925010517
34.0 2.0 52.48522108281786
35.0 2.0 52.37273360149935
36.0 2.0 50.58125922032379
37.0 2.0 49.50152869702607
38.0 2.0 48.184940284616076
39.0 2.0 45.466822516908124
40.0 2.0 44.1576273382576
41.0 2.0 41.3908562569435
42.0 2.0 38.51789757619435
43.0 2.0 37.3830368322246
44.0 2.0 34.53396168925923
45.0 2.0 32.306224868720776
46.0 2.0 30.94147992927587
47.0 2.0 29.853034493826094
48.0 2.0 28.955418208804343
49.0 2.0 28.13933178815344

0.0 3.0 61.0092820228975
1.0 3.0 61.995771916843864
2.0 3.0 60.90279706232856
3.0 3.0 60.51774529414233
4.0 3.0 60.83247061299875
5.0 3.0 61.599935217205804
6.0 3.0 62.76407951964629
7.0 3.0 64.20217613233014
8.0 3.0 64.80883567647149
9.0 3.0 65.61843486095395
10.0 3.0 65.82157156706218
11.0 3.0 65.58451560465329
12.0 3.0 65.22466188834228
13.0 3.0 64.292456752303
14.0 3.0 64.09012009542266
15.0 3.0 63.26232882712314
16.0 3.0 62.603336692793036
17.0 3.0 62.65363082008794
18.0 3.0 62.80416239477867
19.0 3.0 62.9166956303967
20.0 3.0 63.04539348034477
21.0 3.0 63.12294833455955
22.0 3.0 62.98884775089922
23.0 3.0 62.93245875255657
24.0 3.0 63.017324040453985
25.0 3.0 62.7448633730426
26.0 3.0 62.54422053912687
27.0 3.0 61.83821056323184
28.0 3.0 61.1874916124748
29.0 3.0 60.185060932955466
30.0 3.0 59.114362519689536
31.0 3.0 57.915224058496605
32.0 3.0 56.12876551076236
33.0 3.0 55.324632703341656
34.0 3.0 52.9981849510598
35.0 3.0 52.97004392457435
36.0 3.0 51.05167115710073
37.0 3.0 50.0320188860046
38.0 3.0 48.81717625200798
39.0 3.0 46.180690880589054
40.0 3.0 44.95505276613967
41.0 3.0 42.2799729386638
42.0 3.0 39.53110385496927
43.0 3.0 38.31504370736554
44.0 3.0 35.35972017228488
45.0 3.0 33.20645348313342
46.0 3.0 31.837391881443402
47.0 3.0 30.774749656963003
48.0 3.0 29.930738428072914
49.0 3.0 29.14063171615122

0.0 4.0 62.53783488934242
1.0 4.0 63.75074066171429
2.0 4.0 62.892290144633
3.0 4.0 62.3916349793825
4.0 4.0 62.6821090123106
5.0 4.0 63.45996619100224
6.0 4.0 64.67320625790325
7.0 4.0 66.19510597791827
8.0 4.0 66.82728568835725
9.0 4.0 67.64319848227943
10.0 4.0 67.88597948805173
11.0 4.0 67.7394592808684
12.0 4.0 67.40962898648442
13.0 4.0 66.35863725700304
14.0 4.0 65.97082085946379
15.0 4.0 64.96437244124616
16.0 4.0 64.16917958397957
17.0 4.0 64.09633001614908
18.0 4.0 64.11355014611107
19.0 4.0 64.09007392630897
20.0 4.0 64.0814398937517
21.0 4.0 64.01981894447644
22.0 4.0 63.74304245464019
23.0 4.0 63.517301509295386
24.0 4.0 63.46565608744311
25.0 4.0 63.125601981503365
26.0 4.0 62.82440741507152
27.0 4.0 62.06762054905821
28.0 4.0 61.408029841263556
29.0 4.0 60.48321852400346
30.0 4.0 59.475715452054416
31.0 4.0 58.429832502450594
32.0 4.0 56.72749761388552
33.0 4.0 56.13048536004558
34.0 4.0 53.88982362209915
35.0 4.0 54.04239683908181
36.0 4.0 52.22237497411883
37.0 4.0 51.36159304500595
38.0 4.0 50.29572484664328
39.0 4.0 47.76832259382028
40.0 4.0 46.59661691575204
41.0 4.0 43.979764075231415
42.0 4.0 41.271022938675735
43.0 4.0 39.9373223555733
44.0 4.0 36.82274326662103
45.0 4.0 34.55654654473931
46.0 4.0 33.06935465033494
47.0 4.0 31.939451052012117
48.0 4.0 31.074109124664616
49.0 4.0 30.284706908767788

0.0 5.0 64.04054628458918
1.0 5.0 65.18055665346021
2.0 5.0 64.85483503523892
3.0 5.0 64.30537124807641
4.0 5.0 64.65511706877503
5.0 5.0 65.48787451290255
6.0 5.0 66.75058587801557
7.0 5.0 68.33369658759062
8.0 5.0 69.05775556355954
9.0 5.0 69.97258659628858
10.0 5.0 70.26213854340139
11.0 5.0 70.13739247032252
12.0 5.0 69.85346660362882
13.0 5.0 68.82343804851314
14.0 5.0 68.34900641293471
15.0 5.0 67.16285348360745
16.0 5.0 66.15892491026574
17.0 5.0 65.89878478263373
18.0 5.0 65.74986735886932
19.0 5.0 65.561956495356
20.0 5.0 65.38052451836609
21.0 5.0 65.13684146134585
22.0 5.0 64.67598229972144
23.0 5.0 64.27904058795703
24.0 5.0 64.04172840616911
25.0 5.0 63.51032923147206
26.0 5.0 63.07435743079052
27.0 5.0 62.2506532930852
28.0 5.0 61.549094086248346
29.0 5.0 60.6615637842886
30.0 5.0 59.74808104714636
31.0 5.0 58.847601610128635
32.0 5.0 57.33795867073294
33.0 5.0 56.93601052000671
34.0 5.0 54.907430831440664
35.0 5.0 55.26206100590784
36.0 5.0 53.66755385928211
37.0 5.0 53.03378884772532
38.0 5.0 52.180372079810326
39.0 5.0 49.81393987384796
40.0 5.0 48.75073661424405
41.0 5.0 46.199431765508706
42.0 5.0 43.50594569771421
43.0 5.0 42.1049754071103
44.0 5.0 38.816395675158276
45.0 5.0 36.308463527206
46.0 5.0 34.604498968346654
47.0 5.0 33.30473131147983
48.0 5.0 32.32006468601099
49.0 5.0 31.45287268773972

0.0 6.0 65.3957976828825
1.0 6.0 66.18655835839624
2.0 6.0 66.55430531323569
3.0 6.0 66.0077099566565
4.0 6.0 66.49875891675373
5.0 6.0 67.42685333798255
6.0 6.0 68.73881848724267
7.0 6.0 70.35926396059381
8.0 6.0 71.25032920528335
9.0 6.0 72.38204243215795
10.0 6.0 72.73824650492104
11.0 6.0 72.55170296496745
12.0 6.0 72.30712395197364
13.0 6.0 71.43654394146012
14.0 6.0 70.97708307585852
15.0 6.0 69.6241749327628
16.0 6.0 68.33643542878629
17.0 6.0 67.81547959584617
18.0 6.0 67.46825057881102
19.0 6.0 67.10134925439348
20.0 6.0 66.73963377191876
21.0 6.0 66.31640480526694
22.0 6.0 65.69827325307602
23.0 6.0 65.21531673021613
24.0 6.0 64.82942224843819
25.0 6.0 64.08029348120573
26.0 6.0 63.56598348874406
27.0 6.0 62.74320272889361
28.0 6.0 62.019095726491116
29.0 6.0 61.15427242141042
30.0 6.0 60.35138998014805
31.0 6.0 59.54291395950958
32.0 6.0 58.26962230911741
33.0 6.0 57.94582674359677
34.0 6.0 56.16921777814952
35.0 6.0 56.632460655266144
36.0 6.0 55.3141892790936
37.0 6.0 54.89340307820277
38.0 6.0 54.25307157822784
39.0 6.0 52.08418374798667
40.0 6.0 51.19085272431758
41.0 6.0 48.743053452655346
42.0 6.0 46.062301323412164
43.0 6.0 44.690046853095915
44.0 6.0 41.29870236549364
45.0 6.0 38.483190299023676
46.0 6.0 36.51773927094976
47.0 6.0 34.979166952273275
48.0 6.0 33.7928440356518
49.0 6.0 32.77748548428391

0.0 7.0 66.9770414008811
1.0 7.0 67.0807390221756
2.0 7.0 68.12537243373987
3.0 7.0 67.63010863013848
4.0 7.0 68.34694275210144
5.0 7.0 69.3803740057544
6.0 7.0 70.71768945575016
7.0 7.0 72.34217206423726
8.0 7.0 73.46847837217892
9.0 7.0 74.95862545298888
10.0 7.0 75.40182367095112
11.0 7.0 75.04512358668192
12.0 7.0 74.81721892106938
13.0 7.0 74.25238478223963
14.0 7.0 73.86800371333094
15.0 7.0 72.4004551260591
16.0 7.0 70.78635994862789
17.0 7.0 69.93113176228695
18.0 7.0 69.36031564596703
19.0 7.0 68.81943014272676
20.0 7.0 68.29532844746116
21.0 7.0 67.72886199887131
22.0 7.0 67.03658852728087
23.0 7.0 66.59138418761478
24.0 7.0 66.08969655773714
25.0 7.0 65.14634759578746
26.0 7.0 64.59539961910866
27.0 7.0 63.87284333166442
28.0 7.0 63.13444830359383
29.0 7.0 62.32261384711539
30.0 7.0 61.62042309530456
31.0 7.0 60.88101522123892
32.0 7.0 59.892141750118334
33.0 7.0 59.52596327432718
34.0 7.0 58.081844290279236
35.0 7.0 58.4968659524147
36.0 7.0 57.51931855696224
37.0 7.0 57.248435764371294
38.0 7.0 56.75596721395904
39.0 7.0 54.82664563249618
40.0 7.0 54.07978158070475
41.0 7.0 51.78175413008218
42.0 7.0 49.0869488339539
43.0 7.0 47.764590705254435
44.0 7.0 44.41380388315105
45.0 7.0 41.24942197963621
46.0 7.0 39.01820436089037
47.0 7.0 37.21631707347902
48.0 7.0 35.78232740903884
49.0 7.0 34.61744753221204

0.0 8.0 68.87404037928958
1.0 8.0 68.20318191730735
2.0 8.0 69.77790509012317
3.0 8.0 69.4293387389825
4.0 8.0 70.46374190378886
5.0 8.0 71.60363009934053
6.0 8.0 72.90996169409534
7.0 8.0 74.54168945623664
8.0 8.0 75.94912087303362
9.0 8.0 77.89424142223763
10.0 8.0 78.4490396687705
11.0 8.0 77.85738987977588
12.0 8.0 77.62399528090523
13.0 8.0 77.4638760797938
14.0 8.0 77.05909728726525
15.0 8.0 75.57263818791516
16.0 8.0 73.71518460431464
17.0 8.0 72.48641901261966
18.0 8.0 71.67850493355752
19.0 8.0 70.979158671574
20.0 8.0 70.31886723705826
21.0 8.0 69.65330861396359
22.0 8.0 68.98187694075276
23.0 8.0 68.60646515965456
24.0 8.0 67.93710739776863
25.0 8.0 66.9418416783924
26.0 8.0 66.31387668669541
27.0 8.0 65.69972001449355
28.0 8.0 64.96225337569376
29.0 8.0 64.26791736094751
30.0 8.0 63.60326643448683
31.0 8.0 62.9539129006879
32.0 8.0 62.2271292842067
33.0 8.0 61.76995465313415
34.0 8.0 60.7692286543835
35.0 8.0 60.99111602821895
36.0 8.0 60.413212816105634
37.0 8.0 60.235634483883615
38.0 8.0 59.83081187959157
39.0 8.0 58.25776351615311
40.0 8.0 57.53404513771343
41.0 8.0 55.46225292321396
42.0 8.0 52.78335865474304
43.0 8.0 51.357012028125794
44.0 8.0 48.22165265914055
45.0 8.0 44.74805124312151
46.0 8.0 42.25530053629327
47.0 8.0 40.197824207405745
48.0 8.0 38.50444671683599
49.0 8.0 37.25696928848431

0.0 9.0 70.52297606513775
1.0 9.0 69.66403819470875
2.0 9.0 71.58086691712685
3.0 9.0 71.48070141009718
4.0 9.0 72.86741528292217
5.0 9.0 74.17848248979129
6.0 9.0 75.4152422141861
7.0 9.0 77.08769090635096
8.0 9.0 78.81552102572098
9.0 9.0 81.10521524030528
10.0 9.0 81.78636466559742
11.0 9.0 81.06050787703859
12.0 9.0 80.79242088494743
13.0 9.0 80.9585510323669
14.0 9.0 80.33399381438011
15.0 9.0 78.8832942313633
16.0 9.0 77.00045688637078
17.0 9.0 75.45670137291705
18.0 9.0 74.42863173378238
19.0 9.0 73.59539568684228
20.0 9.0 72.82975449249568
21.0 9.0 72.10326807130313
22.0 9.0 71.4911419804126
23.0 9.0 71.04467266643391
24.0 9.0 70.16228136968687
25.0 9.0 69.3718889950626
26.0 9.0 68.64040782554937
27.0 9.0 67.95903012874344
28.0 9.0 67.3549794735556
29.0 9.0 66.75256801597774
30.0 9.0 66.1135197430509
31.0 9.0 65.51868123119299
32.0 9.0 64.95390153801682
33.0 9.0 64.37516980810072
34.0 9.0 63.83074163587378
35.0 9.0 63.798910088165194
36.0 9.0 63.57141284495804
37.0 9.0 63.449316287653474
38.0 9.0 63.1081735005059
39.0 9.0 61.961549802728584
40.0 9.0 61.17275083726996
41.0 9.0 59.380658100399586
42.0 9.0 56.85776251568173
43.0 9.0 55.13597297315354
44.0 9.0 52.32222028687809
45.0 9.0 48.759581452359505
46.0 9.0 46.049939625829424
47.0 9.0 43.77913385387533
48.0 9.0 41.85375973045408
49.0 9.0 40.53254552678309

0.0 10.0 72.18790460149313
1.0 10.0 71.28390762048281
2.0 10.0 73.28920718791167
3.0 10.0 73.40336360491447
4.0 10.0 75.09623170412658
5.0 10.0 76.66333262673143
6.0 10.0 77.8958547277268
7.0 10.0 79.60246063018994
8.0 10.0 81.62601413108187
9.0 10.0 83.99753827973653
10.0 10.0 84.7652301045198
11.0 10.0 84.07908099368737
12.0 10.0 83.75087965005234
13.0 10.0 84.01103093337501
14.0 10.0 83.134827066839
15.0 10.0 81.70023693481829
16.0 10.0 79.92857266544405
17.0 10.0 78.22722651870113
18.0 10.0 77.04155200519428
19.0 10.0 76.11371996180596
20.0 10.0 75.28238406433036
21.0 10.0 74.52734640644451
22.0 10.0 73.9470008635262
23.0 10.0 73.3093610216629
24.0 10.0 72.30165426590658
25.0 10.0 71.82342456157104
26.0 10.0 71.0608690637576
27.0 10.0 70.17054461305163
28.0 10.0 69.8262660925497
29.0 10.0 69.19390016972235
30.0 10.0 68.65615779869788
31.0 10.0 68.01499712348067
32.0 10.0 67.57319815072555
33.0 10.0 66.81308896015256
34.0 10.0 66.62564808544404
35.0 10.0 66.34645412756815
36.0 10.0 66.36228677495001
37.0 10.0 66.24757684717284
38.0 10.0 65.92190592161326
39.0 10.0 65.09770058223118
40.0 10.0 64.24181319381245
41.0 10.0 62.68552617552579
42.0 10.0 60.37921619372159
43.0 10.0 58.34712652425994
44.0 10.0 55.83718362334864
45.0 10.0 52.396881473019135
46.0 10.0 49.57663052942116
47.0 10.0 47.16914827816199
48.0 10.0 45.08249131914969
49.0 10.0 43.637228093066895

0.0 11.0 73.50491944983006
1.0 11.0 72.6970881141234
2.0 11.0 74.4535077158264
3.0 11.0 74.63994398894687
4.0 11.0 76.5625732040842
5.0 11.0 78.3577150749056
6.0 11.0 79.64206542795256
7.0 11.0 81.35010016329957
8.0 11.0 83.55046770402085
9.0 11.0 85.86527584029483
10.0 11.0 86.67814716758673
11.0 11.0 86.10632544365538
12.0 11.0 85.74771134155264
13.0 11.0 85.9737702451261
14.0 11.0 84.96404194608743
15.0 11.0 83.54574732216736
16.0 11.0 81.88823107309533
17.0 11.0 80.16056136530733
18.0 11.0 78.89610692798337
19.0 11.0 77.91672550703677
20.0 11.0 77.05568513421962
21.0 11.0 76.29393765506443
22.0 11.0 75.71420961227182
23.0 11.0 74.91988755048608
24.0 11.0 73.8860170934409
25.0 11.0 73.63687399511079
26.0 11.0 72.91194318067849
27.0 11.0 71.84127864200661
28.0 11.0 71.72747402129029
29.0 11.0 71.00843243696517
30.0 11.0 70.5924214546235
31.0 11.0 69.86484169732923
32.0 11.0 69.53036570955022
33.0 11.0 68.59667623968895
34.0 11.0 68.62491175500261
35.0 11.0 68.15229911709997
36.0 11.0 68.30566087755669
37.0 11.0 68.15813109074637
38.0 11.0 67.79922513912352
39.0 11.0 67.14029828144348
40.0 11.0 66.23228364016597
41.0 11.0 64.81364899024297
42.0 11.0 62.649127428936254
43.0 11.0 60.41433758096888
44.0 11.0 58.09919657590548
45.0 11.0 54.809869939519025
46.0 11.0 51.96761256601992
47.0 11.0 49.5004524829167
48.0 11.0 47.335721762894664
49.0 11.0 45.78848789134919

0.0 12.0 74.23836505299093
1.0 12.0 73.74066004980978
2.0 12.0 74.97231310851689
3.0 12.0 75.08753887298656
4.0 12.0 77.14845479771122
5.0 12.0 79.05359505964437
6.0 12.0 80.35122008785015
7.0 12.0 82.02644172050807
8.0 12.0 84.28308191407851
9.0 12.0 86.538306268761
10.0 12.0 87.38537484943728
11.0 12.0 86.9224993151627
12.0 12.0 86.58328061144984
13.0 12.0 86.78366402842903
14.0 12.0 85.74229995879799
15.0 12.0 84.36845839577532
16.0 12.0 82.80992949252743
17.0 12.0 81.11794073859672
18.0 12.0 79.83723265235615
19.0 12.0 78.84369524702365
20.0 12.0 77.98017115152277
21.0 12.0 77.2270547627219
22.0 12.0 76.64625551918081
23.0 12.0 75.77649156386695
24.0 12.0 74.75121608699853
25.0 12.0 74.63221960251296
26.0 12.0 73.95598593863065
27.0 12.0 72.78383245433741
28.0 12.0 72.81081578339473
29.0 12.0 72.02733900783802
30.0 12.0 71.69230031754299
31.0 12.0 70.90599140448373
32.0 12.0 70.63929605801249
33.0 12.0 69.60170121561302
34.0 12.0 69.72231452665672
35.0 12.0 69.13911537887458
36.0 12.0 69.33569966972871
37.0 12.0 69.13695164817479
38.0 12.0 68.72095292838382
39.0 12.0 68.09620729969596
40.0 12.0 67.14463059149757
41.0 12.0 65.76516275185612
42.0 12.0 63.63752102393879
43.0 12.0 61.30499836032742
44.0 12.0 59.06354711401163
45.0 12.0 55.86080385198109
46.0 12.0 53.04043569834613
47.0 12.0 50.57196090997567
48.0 12.0 48.398164730948885
49.0 12.0 46.82318465028857

0.0 13.0 74.339454655982
1.0 13.0 74.11536325386933
2.0 13.0 74.73638261593162
3.0 13.0 74.68636267369168
4.0 13.0 76.80260250489405
5.0 13.0 78.67942891811313
6.0 13.0 79.896385514126
7.0 13.0 81.48731056253517
8.0 13.0 83.68880901767368
9.0 13.0 85.89718829498203
10.0 13.0 86.75881716307885
11.0 13.0 86.3617446323176
12.0 13.0 86.06997075236426
13.0 13.0 86.28653193694427
14.0 13.0 85.27036642522816
15.0 13.0 83.96900353047313
16.0 13.0 82.50533273969853
17.0 13.0 80.87910885193894
18.0 13.0 79.63003641149365
19.0 13.0 78.655598724242
20.0 13.0 77.81304433450389
21.0 13.0 77.08367034306085
22.0 13.0 76.51778469369226
23.0 13.0 75.64361897702133
24.0 13.0 74.63686493197274
25.0 13.0 74.59147949349888
26.0 13.0 73.96052746811485
27.0 13.0 72.76545464466575
28.0 13.0 72.86832749814008
29.0 13.0 72.07864949634245
30.0 13.0 71.78897276176647
31.0 13.0 70.9997697934034
32.0 13.0 70.76169719527479
33.0 13.0 69.70190842008523
34.0 13.0 69.81539054809724
35.0 13.0 69.20118446855275
36.0 13.0 69.35242884366659
37.0 13.0 69.08426221399995
38.0 13.0 68.58763159309636
39.0 13.0 67.87777367980425
40.0 13.0 66.87780642999184
41.0 13.0 65.44443310232751
42.0 13.0 63.25868644347456
43.0 13.0 60.9063061390425
44.0 13.0 58.64299103068851
45.0 13.0 55.46058543250282
46.0 13.0 52.691933420191674
47.0 13.0 50.27165190145462
48.0 13.0 48.14619346529085
49.0 13.0 46.61460557094356

0.0 14.0 73.5633552279707
1.0 14.0 73.47834201677247
2.0 14.0 73.60165866385782
3.0 14.0 73.35567410936713
4.0 14.0 75.48875458397484
5.0 14.0 77.22365747821021
6.0 14.0 78.27878262039144
7.0 14.0 79.74241733003252
8.0 14.0 81.77039299089354
9.0 14.0 83.94046276079203
10.0 14.0 84.77905327952267
11.0 14.0 84.37538704270052
12.0 14.0 84.13768249785298
13.0 14.0 84.40182224706615
14.0 14.0 83.45338892724341
15.0 14.0 82.2418031873847
16.0 14.0 80.85311757233092
17.0 14.0 79.30858744959835
18.0 14.0 78.13394632313307
19.0 14.0 77.21215444563138
20.0 14.0 76.41739477694448
21.0 14.0 75.7333007348664
22.0 14.0 75.2103728093941
23.0 14.0 74.4204554472766
24.0 14.0 73.45741338114819
25.0 14.0 73.4482901939436
26.0 14.0 72.87782195150788
27.0 14.0 71.7667790744536
28.0 14.0 71.89501413179003
29.0 14.0 71.18166677445238
30.0 14.0 70.90611055114542
31.0 14.0 70.17778973115345
32.0 14.0 69.91007349384512
33.0 14.0 68.90764384554268
34.0 14.0 68.87313285147506
35.0 14.0 68.30095690458079
36.0 14.0 68.2793580148356
37.0 14.0 67.90376674640098
38.0 14.0 67.28993287575857
39.0 14.0 66.35665788168613
40.0 14.0 65.31233665069827
41.0 14.0 63.73425610598565
42.0 14.0 61.409971241209625
43.0 14.0 59.14510725376474
44.0 14.0 56.78465389327269
45.0 14.0 53.58264304332994
46.0 14.0 50.911320790653434
47.0 14.0 48.592943947739066
48.0 14.0 46.57033938338131
49.0 14.0 45.13045657370483

0.0 15.0 71.2657699708157
1.0 15.0 71.65862139525493
2.0 15.0 71.51627800060837
3.0 15.0 71.06970099456018
4.0 15.0 73.22220403110805
5.0 15.0 74.75271501643152
6.0 15.0 75.648482909423
7.0 15.0 76.99427583776713
8.0 15.0 78.73669976502217
9.0 15.0 80.88392531730256
10.0 15.0 81.66905975349079
11.0 15.0 81.20123439703649
12.0 15.0 81.02824134065179
13.0 15.0 81.32883743124692
14.0 15.0 80.52095270284514
15.0 15.0 79.39898410655618
16.0 15.0 78.02725313448444
17.0 15.0 76.59082974244276
18.0 15.0 75.53953970386661
19.0 15.0 74.70799898307014
20.0 15.0 73.99625846978356
21.0 15.0 73.38838052088288
22.0 15.0 72.93572697835336
23.0 15.0 72.350468684641
24.0 15.0 71.49967503660739
25.0 15.0 71.46774286057456
26.0 15.0 70.99978162976434
27.0 15.0 70.10768830501881
28.0 15.0 70.18394242104357
29.0 15.0 69.61222113329052
30.0 15.0 69.29608979296191
31.0 15.0 68.65791979135065
32.0 15.0 68.24402795388767
33.0 15.0 67.36087473984084
34.0 15.0 66.93440367205508
35.0 15.0 66.48142937701121
36.0 15.0 66.09595530394714
37.0 15.0 65.56333821505991
38.0 15.0 64.80029469444455
39.0 15.0 63.4917071742802
40.0 15.0 62.455289562389815
41.0 15.0 60.66095704351335
42.0 15.0 58.161337965477706
43.0 15.0 56.154875127846644
44.0 15.0 53.630362187755594
45.0 15.0 50.431683865248345
46.0 15.0 47.93181853130875
47.0 15.0 45.76959599145633
48.0 15.0 43.89704963020934
49.0 15.0 42.536565938476485

0.0 16.0 68.00606678247786
1.0 16.0 68.66519154500199
2.0 16.0 68.52921975180669
3.0 16.0 67.85058044408
4.0 16.0 69.99810716448854
5.0 16.0 71.31665676551147
6.0 16.0 72.14442001419557
7.0 16.0 73.41644700511812
8.0 16.0 74.79062201342367
9.0 16.0 76.85366782980789
10.0 16.0 77.5773956930209
11.0 16.0 77.11161146659387
12.0 16.0 77.03437988308706
13.0 16.0 77.2561609626272
14.0 16.0 76.70220927183614
15.0 16.0 75.6456278005251
16.0 16.0 74.24886655366139
17.0 16.0 73.01362568235774
18.0 16.0 72.15035854781821
19.0 16.0 71.45372556100489
20.0 16.0 70.86927995748776
21.0 16.0 70.37528977488749
22.0 16.0 69.99641718204987
23.0 16.0 69.68404907737967
24.0 16.0 69.0629813156476
25.0 16.0 68.94302210399694
26.0 16.0 68.62320784039673
27.0 16.0 68.01719053018064
28.0 16.0 67.94328274125837
29.0 16.0 67.47957405837897
30.0 16.0 67.0457508566972
31.0 16.0 66.43156086172583
32.0 16.0 65.68790062908971
33.0 16.0 64.94098657864353
34.0 16.0 63.83072441075307
35.0 16.0 63.568802713927155
36.0 16.0 62.62212073373565
37.0 16.0 61.91096334077354
38.0 16.0 61.008990501655695
39.0 16.0 59.24093346731381
40.0 16.0 58.29677584662215
41.0 16.0 56.27221296603594
42.0 16.0 53.68224195497796
43.0 16.0 52.05022605240166
44.0 16.0 49.322656083085896
45.0 16.0 46.2985673546916
46.0 16.0 44.0518560631355
47.0 16.0 42.08355778622526
48.0 16.0 40.38922346009273
49.0 16.0 39.00086975396937

0.0 17.0 64.59790374761619
1.0 17.0 65.12469103770157
2.0 17.0 65.25627880689987
3.0 17.0 64.34232054930358
4.0 17.0 66.40943680702382
5.0 17.0 67.53403425582172
6.0 17.0 68.34815238549362
7.0 17.0 69.57118587810999
8.0 17.0 70.53223868994239
9.0 17.0 72.31696508113538
10.0 17.0 72.97589183934916
11.0 17.0 72.69415644314991
12.0 17.0 72.73103065983085
13.0 17.0 72.70941258888817
14.0 17.0 72.43126204420561
15.0 17.0 71.4328851530849
16.0 17.0 70.12449758592368
17.0 17.0 69.229544614414
18.0 17.0 68.61846664087675
19.0 17.0 68.10735658344439
20.0 17.0 67.69710159032341
21.0 17.0 67.3569068535603
22.0 17.0 67.05858792153613
23.0 17.0 66.93423032524235
24.0 17.0 66.60268986008032
25.0 17.0 66.42491015787364
26.0 17.0 66.19933890892696
27.0 17.0 65.78057240482809
28.0 17.0 65.4647976325671
29.0 17.0 65.00431649619847
30.0 17.0 64.32781129404981
31.0 17.0 63.61985920546675
32.0 17.0 62.33093496907057
33.0 17.0 61.703577257618235
34.0 17.0 59.78679739998093
35.0 17.0 59.70933249507187
36.0 17.0 58.12409272583222
37.0 17.0 57.25561546730776
38.0 17.0 56.27006108421352
39.0 17.0 54.165442356390365
40.0 17.0 53.302134719745844
41.0 17.0 51.144674524830506
42.0 17.0 48.69616636898032
43.0 17.0 47.30584773526229
44.0 17.0 44.453752974989
45.0 17.0 41.876528383772445
46.0 17.0 39.90974838259933
47.0 17.0 38.151852024926754
48.0 17.0 36.64452841208059
49.0 17.0 35.16303351019384

0.0 18.0 62.19935769249457
1.0 18.0 62.42128634334625
2.0 18.0 62.955285470796035
3.0 18.0 61.87368167998491
4.0 18.0 63.81907426469962
5.0 18.0 64.7367731656654
6.0 18.0 65.50792270207032
7.0 18.0 66.68218980867343
8.0 18.0 67.26086683801395
9.0 18.0 68.65875341288299
10.0 18.0 69.25730927332414
11.0 18.0 69.24602529089927
12.0 18.0 69.37672356209772
13.0 18.0 69.08522207450625
14.0 18.0 68.96820412568069
15.0 18.0 68.09280478998205
16.0 18.0 67.06466239963369
17.0 18.0 66.57023895739118
18.0 18.0 66.23710818226598
19.0 18.0 65.94562051096955
20.0 18.0 65.73086724549299
21.0 18.0 65.55718328562301
22.0 18.0 65.36399747178581
23.0 18.0 65.29244672218488
24.0 18.0 65.13354163017443
25.0 18.0 64.93571517387994
26.0 18.0 64.61049354145706
27.0 18.0 64.21892565003343
28.0 18.0 63.5383324567544
29.0 18.0 63.01037285187073
30.0 18.0 61.92656721205066
31.0 18.0 61.06494344580439
32.0 18.0 59.15049470485226
33.0 18.0 58.59107509347332
34.0 18.0 56.04425024416585
35.0 18.0 56.016596460938715
36.0 18.0 53.948215302332954
37.0 18.0 52.96032838740384
38.0 18.0 51.93851609604902
39.0 18.0 49.79587265251436
40.0 18.0 48.91165014119475
41.0 18.0 46.82093333241971
42.0 18.0 44.687719305090624
43.0 18.0 43.309183547495344
44.0 18.0 40.55194252208233
45.0 18.0 38.50409475213364
46.0 18.0 36.786258047067804
47.0 18.0 35.24346678916868
48.0 18.0 33.922592940965544
49.0 18.0 32.45719305966654

0.0 19.0 61.133216516916576
1.0 19.0 60.929221326212016
2.0 19.0 61.80333856841611
3.0 19.0 60.60363680209059
4.0 19.0 62.41213239339836
5.0 19.0 63.07374492151919
6.0 19.0 63.75375977872803
7.0 19.0 64.86717708817716
8.0 19.0 65.20923811099064
9.0 19.0 66.34137602834255
10.0 19.0 66.94471024691913
11.0 19.0 67.18821627091648
12.0 19.0 67.42267638110795
13.0 19.0 67.02014015233638
14.0 19.0 67.02314353537794
15.0 19.0 66.35902333423846
16.0 19.0 65.68198451703029
17.0 19.0 65.53607728636857
18.0 19.0 65.44261286335167
19.0 19.0 65.33869004752519
20.0 19.0 65.26395219121957
21.0 19.0 65.18424808526724
22.0 19.0 65.0442549665689
23.0 19.0 64.91473089707367
24.0 19.0 64.72233598417517
25.0 19.0 64.40638285086143
26.0 19.0 63.806867215553616
27.0 19.0 63.317760681002916
28.0 19.0 62.197216119324096
29.0 19.0 61.54308625637334
30.0 19.0 60.01380370564411
31.0 19.0 58.98946181959683
32.0 19.0 56.599323776999356
33.0 19.0 56.037067797445765
34.0 19.0 53.16316974209309
35.0 19.0 53.09503879301397
36.0 19.0 50.836893121722184
37.0 19.0 49.814284980630575
38.0 19.0 48.81383949693142
39.0 19.0 46.847729317677306
40.0 19.0 45.94557680798141
41.0 19.0 44.05921392215343
42.0 19.0 42.23279311604487
43.0 19.0 40.803975983198654
44.0 19.0 38.296036578507106
45.0 19.0 36.65567441419274
46.0 19.0 35.15181116827123
47.0 19.0 33.81236734796895
48.0 19.0 32.66743363353786
49.0 19.0 31.324399460233952

0.0 20.0 60.886413319691734
1.0 20.0 60.1251809945244
2.0 20.0 61.15016538880539
3.0 20.0 59.8659937323448
4.0 20.0 61.522827780532715
5.0 20.0 61.89316034673212
6.0 20.0 62.45454253024869
7.0 20.0 63.52699632074555
8.0 20.0 63.813599291301806
9.0 20.0 64.9010701597061
10.0 20.0 65.61634658196596
11.0 20.0 66.09667415481292
12.0 20.0 66.49021120513095
13.0 20.0 66.1732051926289
14.0 20.0 66.33975668142924
15.0 20.0 65.91434140480109
16.0 20.0 65.52068547179783
17.0 20.0 65.5941182051274
18.0 20.0 65.6306763644555
19.0 20.0 65.5982955323745
20.0 20.0 65.53278742926504
21.0 20.0 65.40909684009918
22.0 20.0 65.1959043424737
23.0 20.0 64.91195289382924
24.0 20.0 64.53596933695559
25.0 20.0 64.00162716424738
26.0 20.0 63.08908438788682
27.0 20.0 62.436665100716596
28.0 20.0 60.94397147397511
29.0 20.0 60.1467269564844
30.0 20.0 58.29917989654302
31.0 20.0 57.157516488902715
32.0 20.0 54.527142686497626
33.0 20.0 53.96294588084861
34.0 20.0 51.01464037323104
35.0 20.0 50.95327039439765
36.0 20.0 48.73169950958016
37.0 20.0 47.768986773560314
38.0 20.0 46.84301404643017
39.0 20.0 45.08715139219652
40.0 20.0 44.21672837113057
41.0 20.0 42.52356177287432
42.0 20.0 40.90901636824434
43.0 20.0 39.45731392888872
44.0 20.0 37.191831445615534
45.0 20.0 35.82674723744695
46.0 20.0 34.49904411823527
47.0 20.0 33.32786310228474
48.0 20.0 32.3302972876739
49.0 20.0 31.112894104849182

0.0 21.0 60.761196142694274
1.0 21.0 59.634961483213445
2.0 21.0 60.60576758656859
3.0 21.0 59.32268746285771
4.0 21.0 60.85801055690335
5.0 21.0 60.967057649230185
6.0 21.0 61.44058761803112
7.0 21.0 62.545228796958895
8.0 21.0 62.93622748719298
9.0 21.0 64.17546821328366
10.0 21.0 65.07635243372354
11.0 21.0 65.74503291866229
12.0 21.0 66.30377559832414
13.0 21.0 66.15516393273093
14.0 21.0 66.46195195038436
15.0 21.0 66.19431157243187
16.0 21.0 65.92173425905462
17.0 21.0 66.04024463552419
18.0 21.0 66.06377787615341
19.0 21.0 65.97036371534713
20.0 21.0 65.79617407824925
21.0 21.0 65.528311876706
22.0 21.0 65.15786635593791
23.0 21.0 64.68444831542335
24.0 21.0 64.0844523921846
25.0 21.0 63.33742646607257
26.0 21.0 62.18415972789246
27.0 21.0 61.37289485910499
28.0 21.0 59.670948675964326
29.0 21.0 58.777222605823766
30.0 21.0 56.79935110169007
31.0 21.0 55.62282698599602
32.0 21.0 52.95329905197678
33.0 21.0 52.42924038003997
34.0 21.0 49.55983208102379
35.0 21.0 49.573553390845895
36.0 21.0 47.478375331459766
37.0 21.0 46.60235645637597
38.0 21.0 45.747069496264345
39.0 21.0 44.12869487929413
40.0 21.0 43.294735310071125
41.0 21.0 41.705930522103365
42.0 21.0 40.1988605079331
43.0 21.0 38.74097703431609
44.0 21.0 36.634683454338
45.0 21.0 35.443320799221155
46.0 21.0 34.237775649634145
47.0 21.0 33.17643799197799
48.0 21.0 32.27485986877654
49.0 21.0 31.125485228145347

0.0 22.0 60.378610291271734
1.0 22.0 59.069026211857484
2.0 22.0 59.84783034846969
3.0 22.0 58.72109453248126
4.0 22.0 60.22016971555034
5.0 22.0 60.14639787977004
6.0 22.0 60.57944397679342
7.0 22.0 61.7819939676902
8.0 22.0 62.38405096844967
9.0 22.0 63.89139605533526
10.0 22.0 64.95288326266137
11.0 22.0 65.6613849392784
12.0 22.0 66.29296278841353
13.0 22.0 66.29179242296465
14.0 22.0 66.62812625155226
15.0 22.0 66.39060907186433
16.0 22.0 66.07016105103335
17.0 22.0 66.08495553113275
18.0 22.0 66.00131449469072
19.0 22.0 65.78135023168078
20.0 22.0 65.46077437089667
21.0 22.0 65.03324295906964
22.0 22.0 64.49940870976941
23.0 22.0 63.864114456594294
24.0 22.0 63.06457065233424
25.0 22.0 62.19270962571595
26.0 22.0 60.92461989371858
27.0 22.0 59.97868924689841
28.0 22.0 58.27204084434448
29.0 22.0 57.33437054801014
30.0 22.0 55.40805223696745
31.0 22.0 54.25111095362476
32.0 22.0 51.68528444660687
33.0 22.0 51.19566081816803
34.0 22.0 48.47472064984956
35.0 22.0 48.57720895622418
36.0 22.0 46.60780141047309
37.0 22.0 45.78547639987718
38.0 22.0 44.9550256424091
39.0 22.0 43.35655620022936
40.0 22.0 42.5413704290694
41.0 22.0 40.94634564175401
42.0 22.0 39.4416219264716
43.0 22.0 37.99083441614469
44.0 22.0 35.93762296030892
45.0 22.0 34.82056838529395
46.0 22.0 33.673844278259764
47.0 22.0 32.65181689581863
48.0 22.0 31.782011133813
49.0 22.0 30.62097640366474

0.0 23.0 59.65052042032393
1.0 23.0 58.53571215972458
2.0 23.0 59.07663739027993
3.0 23.0 58.277015288093125
4.0 23.0 59.8151268488955
5.0 23.0 59.607449290616984
6.0 23.0 59.97293449629613
7.0 23.0 61.251163138781344
8.0 23.0 62.11291658274341
9.0 23.0 63.91819434906354
10.0 23.0 65.03576805241879
11.0 23.0 65.5701592807856
12.0 23.0 66.14122320033019
13.0 23.0 66.27630921473349
14.0 23.0 66.5006526589055
15.0 23.0 66.22667776151522
16.0 23.0 65.7804645720461
17.0 23.0 65.60742837037724
18.0 23.0 65.39352497432591
19.0 23.0 65.05216135371948
20.0 23.0 64.60937339281817
21.0 23.0 64.05841108682745
22.0 23.0 63.39953516355226
23.0 23.0 62.64604628918936
24.0 23.0 61.66994492734395
25.0 23.0 60.817106207686756
26.0 23.0 59.573149123713215
27.0 23.0 58.47692660154088
28.0 23.0 56.99578817954976
29.0 23.0 56.015969988909944
30.0 23.0 54.2967294330151
31.0 23.0 53.144220366330245
32.0 23.0 50.80289209168339
33.0 23.0 50.244964440104184
34.0 23.0 47.728694909631386
35.0 23.0 47.86281158888286
36.0 23.0 46.01800064562588
37.0 23.0 45.197457205098935
38.0 23.0 44.3327359286339
39.0 23.0 42.63134789578139
40.0 23.0 41.82757826633378
41.0 23.0 40.12597771018014
42.0 23.0 38.50500558512768
43.0 23.0 37.09450047560418
44.0 23.0 35.00076527610315
45.0 23.0 33.82681185913404
46.0 23.0 32.6757816832513
47.0 23.0 31.62112228295632
48.0 23.0 30.71521972766207
49.0 23.0 29.4682245298932

0.0 24.0 59.56422582678373
1.0 24.0 58.82663748325087
2.0 24.0 59.162048050440035
3.0 24.0 58.79939012464405
4.0 24.0 60.35914902435482
5.0 24.0 60.01568341119415
6.0 24.0 60.21603994876772
7.0 24.0 61.46345606575514
8.0 24.0 62.61798844788817
9.0 24.0 64.63329532127203
10.0 24.0 65.71165190807807
11.0 24.0 65.96268067905086
12.0 24.0 66.37564422866261
13.0 24.0 66.6647950987303
14.0 24.0 66.59862559189975
15.0 24.0 66.31246443363015
16.0 24.0 65.82443552443712
17.0 24.0 65.43906515594202
18.0 24.0 65.09634504836234
19.0 24.0 64.65913742581645
20.0 24.0 64.12887364471081
21.0 24.0 63.498707832030604
22.0 24.0 62.77222570853778
23.0 24.0 61.892137032293306
24.0 24.0 60.72709800720662
25.0 24.0 60.091014353210454
26.0 24.0 58.96465018927333
27.0 24.0 57.637323994090096
28.0 24.0 56.60337511744247
29.0 24.0 55.53474768122238
30.0 24.0 54.130388706983716
31.0 24.0 52.92017799469752
32.0 24.0 50.94699580375744
33.0 24.0 50.1339008894395
34.0 24.0 47.976257790863784
35.0 24.0 47.98285147168033
36.0 24.0 46.360734174800015
37.0 24.0 45.49358638585218
38.0 24.0 44.52979483795768
39.0 24.0 42.69207567252397
40.0 24.0 41.86156141223091
41.0 24.0 40.02336397258105
42.0 24.0 38.163687029487576
43.0 24.0 36.782543193283786
44.0 24.0 34.6409227005463
45.0 24.0 33.22315210733335
46.0 24.0 31.995385679578618
47.0 24.0 30.840255418100806
48.0 24.0 29.831589291345296
49.0 24.0 28.486881710899773

0.0 25.0 60.06184589102611
1.0 25.0 59.78738195524248
2.0 25.0 60.02145119108252
3.0 25.0 60.077046481613
4.0 25.0 61.51401098328839
5.0 25.0 61.06966309951977
6.0 25.0 61.09499980834139
7.0 25.0 62.231046307991626
8.0 25.0 63.69427729787649
9.0 25.0 65.65112280871693
10.0 25.0 66.65669886138446
11.0 25.0 66.78817083670603
12.0 25.0 67.02100268945348
13.0 25.0 67.35866922448935
14.0 25.0 66.87231369631034
15.0 25.0 66.59093842595301
16.0 25.0 66.2532332020285
17.0 25.0 65.72613618069147
18.0 25.0 65.2606675811682
19.0 25.0 64.74123614298222
20.0 25.0 64.14099287793016
21.0 25.0 63.45788218473908
22.0 25.0 62.693756795044436
23.0 25.0 61.576996660001505
24.0 25.0 60.24466580097685
25.0 25.0 59.99128672014399
26.0 25.0 58.999812048368184
27.0 25.0 57.33604254744997
28.0 25.0 56.8743614845731
29.0 25.0 55.65418911115795
30.0 25.0 54.6096301025485
31.0 25.0 53.28123811823973
32.0 25.0 51.78577288564291
33.0 25.0 50.565233320462966
34.0 25.0 49.0011355403757
35.0 25.0 48.6618071599566
36.0 25.0 47.42439153576922
37.0 25.0 46.48082669760805
38.0 25.0 45.37628223819247
39.0 25.0 43.54280362904106
40.0 25.0 42.55651844149665
41.0 25.0 40.66150558317827
42.0 25.0 38.548760454490406
43.0 25.0 37.037586332249404
44.0 25.0 34.943155150640294
45.0 25.0 33.16478625041796
46.0 25.0 31.778586726892357
47.0 25.0 30.474685176235404
48.0 25.0 29.31406059367977
49.0 25.0 27.941175350086905

0.0 26.0 60.25328464817606
1.0 26.0 60.41889514589194
2.0 26.0 60.695773801618564
3.0 26.0 61.02105152665814
4.0 26.0 62.17841551050197
5.0 26.0 61.73509174301212
6.0 26.0 61.788798494758794
7.0 26.0 62.855790976049725
8.0 26.0 64.57327975581133
9.0 26.0 66.21951079135454
10.0 26.0 67.14917173443229
11.0 26.0 67.41319886103236
12.0 26.0 67.50820990859651
13.0 26.0 67.65806321264941
14.0 26.0 66.85001364628269
15.0 26.0 66.51123312700415
16.0 26.0 66.357928250392
17.0 26.0 65.82545367737296
18.0 26.0 65.26860760410297
19.0 26.0 64.67630504387691
20.0 26.0 64.01658262571986
21.0 26.0 63.28957483345026
22.0 26.0 62.4583947639547
23.0 26.0 61.05162746762134
24.0 26.0 59.67906737342436
25.0 26.0 59.750209670920185
26.0 26.0 58.897464877821854
27.0 26.0 56.91314137499671
28.0 26.0 56.94029646992379
29.0 26.0 55.518962010728785
30.0 26.0 54.80995176543324
31.0 26.0 53.32539123099437
32.0 26.0 52.277158351522814
33.0 26.0 50.66068934014898
34.0 26.0 49.73000497160679
35.0 26.0 48.958095601883585
36.0 26.0 48.1329371895066
37.0 26.0 47.12391380711865
38.0 26.0 45.90685065873828
39.0 26.0 44.24401501735552
40.0 26.0 43.02099815458614
41.0 26.0 41.171950694596575
42.0 26.0 38.95220033312177
43.0 26.0 37.1626125954965
44.0 26.0 35.16955442351232
45.0 26.0 33.13911408505097
46.0 26.0 31.56722087299877
47.0 26.0 30.111736489608383
48.0 26.0 28.794897962153485
49.0 26.0 27.420861146674017

0.0 27.0 59.38443936682816
1.0 27.0 59.86736447119797
2.0 27.0 60.35198299074959
3.0 27.0 60.83626133322188
4.0 27.0 61.68591463770893
5.0 27.0 61.33729532901263
6.0 27.0 61.65276930607
7.0 27.0 62.772731610177615
8.0 27.0 64.62654549730948
9.0 27.0 65.9442558910319
10.0 27.0 66.77516969663935
11.0 27.0 67.18563358173716
12.0 27.0 67.17239580448647
13.0 27.0 67.01306319531326
14.0 27.0 66.04170065326186
15.0 27.0 65.59423078613953
16.0 27.0 65.49687538924042
17.0 27.0 65.01675532821525
18.0 27.0 64.41135969553707
19.0 27.0 63.768015967666116
20.0 27.0 63.07186609550284
21.0 27.0 62.31836291128077
22.0 27.0 61.412003240214815
23.0 27.0 59.834978674568056
24.0 27.0 58.52845946916575
25.0 27.0 58.747263179351926
26.0 27.0 58.03492635103778
27.0 27.0 55.89023559507696
28.0 27.0 56.194700705925584
29.0 27.0 54.613267062950655
30.0 27.0 54.1300488741385
31.0 27.0 52.51480131812057
32.0 27.0 51.75435100192053
33.0 27.0 49.87885665992937
34.0 27.0 49.34031863938508
35.0 27.0 48.22446728919503
36.0 27.0 47.644882131741525
37.0 27.0 46.577664765625165
38.0 27.0 45.28869757660018
39.0 27.0 43.800150704696804
40.0 27.0 42.39735413770766
41.0 27.0 40.63043550686827
42.0 27.0 38.44114027259219
43.0 27.0 36.44543329799458
44.0 27.0 34.52978459959037
45.0 27.0 32.43199086597984
46.0 27.0 30.744779206920327
47.0 27.0 29.193731591263575
48.0 27.0 27.775480192418627
49.0 27.0 26.378325901901533

0.0 28.0 57.438413006075734
1.0 28.0 58.05553849336235
2.0 28.0 58.91549688331558
3.0 28.0 59.519117008318545
4.0 28.0 60.06974985312897
5.0 28.0 59.86346746566474
6.0 28.0 60.512250474603874
7.0 28.0 61.749932567740544
8.0 28.0 63.62393502487175
9.0 28.0 64.68163911626678
10.0 28.0 65.3797846575707
11.0 28.0 65.82195801293935
12.0 28.0 65.70836584226382
13.0 28.0 65.2906568371152
14.0 28.0 64.22918941679086
15.0 28.0 63.69341621765976
16.0 28.0 63.587654856575796
17.0 28.0 63.15062133861736
18.0 28.0 62.531365409900516
19.0 28.0 61.868628991640776
20.0 28.0 61.16586841161802
21.0 28.0 60.41255185987285
22.0 28.0 59.471016964778826
23.0 28.0 57.851653904397274
24.0 28.0 56.63124772204699
25.0 28.0 56.91041303342235
26.0 28.0 56.31061811065058
27.0 28.0 54.140107033006224
28.0 28.0 54.567540793963964
29.0 28.0 52.91664021144431
30.0 28.0 52.538321803671195
31.0 28.0 50.852328377518816
32.0 28.0 50.20833127544782
33.0 28.0 48.20474635373411
34.0 28.0 47.79040915239871
35.0 28.0 46.46599132615724
36.0 28.0 45.94179037969834
37.0 28.0 44.81168391821322
38.0 28.0 43.465037644077434
39.0 28.0 42.04789715524305
40.0 28.0 40.54635871331658
41.0 28.0 38.83149981213731
42.0 28.0 36.70503873400877
43.0 28.0 34.648537938781416
44.0 28.0 32.78065210715159
45.0 28.0 30.719109539232804
46.0 28.0 29.014904842359414
47.0 28.0 27.44961378234497
48.0 28.0 26.014418709374244
49.0 28.0 24.614395223019713

0.0 29.0 55.44964470615308
1.0 29.0 55.9146978346791
2.0 29.0 57.23822231619705
3.0 29.0 57.899428558504304
4.0 29.0 58.105626665559086
5.0 29.0 58.04316159520778
6.0 29.0 58.97840503958585
7.0 29.0 60.31919109108994
8.0 29.0 62.13919632890055
9.0 29.0 62.99720190688321
10.0 29.0 63.56299070353206
11.0 29.0 63.97300234399019
12.0 29.0 63.78622630756349
13.0 29.0 63.22308371381946
14.0 29.0 62.10570759654708
15.0 29.0 61.538120415737936
16.0 29.0 61.43866335871419
17.0 29.0 61.033792800166005
18.0 29.0 60.42484085840382
19.0 29.0 59.77011355339531
20.0 29.0 59.083322348675125
21.0 29.0 58.350475743139796
22.0 29.0 57.41557227022642
23.0 29.0 55.811260560577196
24.0 29.0 54.65472218674936
25.0 29.0 54.97618680628066
26.0 29.0 54.442492121236675
27.0 29.0 52.29642352406361
28.0 29.0 52.765120214079495
29.0 29.0 51.105316405831516
30.0 29.0 50.75018280168741
31.0 29.0 49.03873341010532
32.0 29.0 48.39725159754333
33.0 29.0 46.34944517877085
34.0 29.0 45.89568471420471
35.0 29.0 44.47945755251072
36.0 29.0 43.90473602551279
37.0 29.0 42.72636639198117
38.0 29.0 41.34037165135106
39.0 29.0 39.91037382245325
40.0 29.0 38.374652248403976
41.0 29.0 36.67559837872346
42.0 29.0 34.59850748975694
43.0 29.0 32.57236663552381
44.0 29.0 30.736831848596935
45.0 29.0 28.747138193856607
46.0 29.0 27.090275337630942
47.0 29.0 25.567997806723795
48.0 29.0 24.179209988706358
49.0 29.0 22.809472467083648

0.0 30.0 54.35135893983325
1.0 30.0 54.45302886305524
2.0 30.0 56.22236324926192
3.0 30.0 56.874975331024416
4.0 30.0 56.67843305189375
5.0 30.0 56.7385238020843
6.0 30.0 57.857694602441086
7.0 30.0 59.240906133682074
8.0 30.0 60.939292739003434
9.0 30.0 61.641707614053345
10.0 30.0 62.08105996302304
11.0 30.0 62.41319971397836
12.0 30.0 62.17758811958657
13.0 30.0 61.57994796494367
14.0 30.0 60.421597731441544
15.0 30.0 59.87746707339619
16.0 30.0 59.81486153388841
17.0 30.0 59.42968565883273
18.0 30.0 58.84612973233632
19.0 30.0 58.219635954353116
20.0 30.0 57.56431288600812
21.0 30.0 56.866117754909425
22.0 30.0 55.97358411193282
23.0 30.0 54.411832446392665
24.0 30.0 53.28691235417648
25.0 30.0 53.654457914217005
26.0 30.0 53.139841645595695
27.0 30.0 51.04223067121272
28.0 30.0 51.504094768587635
29.0 30.0 49.890596759954185
30.0 30.0 49.50949272413166
31.0 30.0 47.82498143697615
32.0 30.0 47.113057611000144
33.0 30.0 45.10440381594162
34.0 30.0 44.50922525479136
35.0 30.0 43.12295315151843
36.0 30.0 42.440641189954654
37.0 30.0 41.247544718864575
38.0 30.0 39.853355018641736
39.0 30.0 38.35338297433235
40.0 30.0 36.84144312163227
41.0 30.0 35.128495718199225
42.0 30.0 33.08362959391008
43.0 30.0 31.136723595602703
44.0 30.0 29.31760867839524
45.0 30.0 27.414076269019098
46.0 30.0 25.835975184347888
47.0 30.0 24.37892237794017
48.0 30.0 23.062205213614632
49.0 30.0 21.720107174349828

0.0 31.0 53.13010722863168
1.0 31.0 53.24626267233545
2.0 31.0 55.35047064477533
3.0 31.0 55.97984403460559
4.0 31.0 55.37787821905625
5.0 31.0 55.53729299143879
6.0 31.0 56.71133278147465
7.0 31.0 58.05889049064347
8.0 31.0 59.52771410565308
9.0 31.0 60.120719262659875
10.0 31.0 60.41440730270466
11.0 31.0 60.57558722213669
12.0 31.0 60.296007971445505
13.0 31.0 59.76935252128479
14.0 31.0 58.57643296482122
15.0 31.0 58.098094094450346
16.0 31.0 58.074946063702036
17.0 31.0 57.677848935266276
18.0 31.0 57.12682307689397
19.0 31.0 56.54291178245073
20.0 31.0 55.930683310760216
21.0 31.0 55.279921356251215
22.0 31.0 54.47114157438999
23.0 31.0 53.00211144971464
24.0 31.0 51.88038932289888
25.0 31.0 52.29661367714341
26.0 31.0 51.76043995350822
27.0 31.0 49.7793995750571
28.0 31.0 50.18231632420419
29.0 31.0 48.719031194205904
30.0 31.0 48.266695805564424
31.0 31.0 46.70334262914784
32.0 31.0 45.83737264494132
33.0 31.0 44.003545706089966
34.0 31.0 43.1441250808993
35.0 31.0 41.94773530576781
36.0 31.0 41.07712869812925
37.0 31.0 39.9064607499632
38.0 31.0 38.54087698193632
39.0 31.0 36.90896470783673
40.0 31.0 35.474070738963334
41.0 31.0 33.707799602354115
42.0 31.0 31.690774843495156
43.0 31.0 29.85014037694541
44.0 31.0 28.01368753669189
45.0 31.0 26.234575448023953
46.0 31.0 24.754950918671184
47.0 31.0 23.364504904740073
48.0 31.0 22.121526481470895
49.0 31.0 20.753956335368997

0.0 32.0 52.3601460876588
1.0 32.0 52.4145651461021
2.0 32.0 54.64065102752262
3.0 32.0 55.259059054916634
4.0 32.0 54.32675417598682
5.0 32.0 54.58623784380029
6.0 32.0 55.750472598567576
7.0 32.0 57.020048859455784
8.0 32.0 58.10272638814279
9.0 32.0 58.652327436946024
10.0 32.0 58.7670476017862
11.0 32.0 58.63745354969562
12.0 32.0 58.31957576684147
13.0 32.0 57.9249841163594
14.0 32.0 56.75574424034619
15.0 32.0 56.35499260905277
16.0 32.0 56.2970800521442
17.0 32.0 55.85553286310392
18.0 32.0 55.34473848179256
19.0 32.0 54.81189096690294
20.0 32.0 54.25065161861528
21.0 32.0 53.65745164373398
22.0 32.0 52.96886058554026
23.0 32.0 51.70358555822563
24.0 32.0 50.59294809310251
25.0 32.0 50.995390359301354
26.0 32.0 50.40782534917263
27.0 32.0 48.70995706482315
28.0 32.0 48.92901706114062
29.0 32.0 47.77278961118598
30.0 32.0 47.17286860128607
31.0 32.0 45.86134056771161
32.0 32.0 44.71659064843523
33.0 32.0 43.25804439216117
34.0 32.0 41.96756953042152
35.0 32.0 41.11714087994413
36.0 32.0 39.92677365023023
37.0 32.0 38.79367234442687
38.0 32.0 37.482287088125034
39.0 32.0 35.68488172992798
40.0 32.0 34.33084289004043
41.0 32.0 32.480818412182586
42.0 32.0 30.551438336002796
43.0 32.0 28.784128371508373
44.0 32.0 26.891831007021864
45.0 32.0 25.359852438190117
46.0 32.0 23.994119244949076
47.0 32.0 22.668766530776438
48.0 32.0 21.49596583383994
49.0 32.0 20.0257321658825

0.0 33.0 51.352466614780454
1.0 33.0 51.35661800728343
2.0 33.0 53.417444859920806
3.0 33.0 53.97680633408334
4.0 33.0 52.790750365543644
5.0 33.0 53.20820836061057
6.0 33.0 54.43626349951854
7.0 33.0 55.61385111501946
8.0 33.0 56.17662866328914
9.0 33.0 56.6690089838273
10.0 33.0 56.593211039653916
11.0 33.0 56.18967703972533
12.0 33.0 55.862359064102996
13.0 33.0 55.52662125622929
14.0 33.0 54.53138801742655
15.0 33.0 54.16824323024318
16.0 33.0 53.964303196225664
17.0 33.0 53.507638807158344
18.0 33.0 53.045590028404675
19.0 33.0 52.56136270205392
20.0 33.0 52.04876530486169
21.0 33.0 51.5133396952217
22.0 33.0 50.95158017435226
23.0 33.0 49.99354012264832
24.0 33.0 48.97971755058134
25.0 33.0 49.21886273419295
26.0 33.0 48.5601001286679
27.0 33.0 47.36348297914434
28.0 33.0 47.206385342686055
29.0 33.0 46.48253975972068
30.0 33.0 45.65559095553829
31.0 33.0 44.69025974431432
32.0 33.0 43.185077511714255
33.0 33.0 42.241245339928405
34.0 33.0 40.473479868136394
35.0 33.0 39.93140004721291
36.0 33.0 38.35481148028086
37.0 33.0 37.214786126542556
38.0 33.0 35.931351406792785
39.0 33.0 34.0761551741085
40.0 33.0 32.668166109384
41.0 33.0 30.786442567073124
42.0 33.0 29.078863206070668
43.0 33.0 27.211005551571994
44.0 33.0 25.314669123058255
45.0 33.0 24.175319360961172
46.0 33.0 22.90812642749468
47.0 33.0 21.654397627114
48.0 33.0 20.553349830039316
49.0 33.0 19.001594800636408

0.0 34.0 49.637957521255785
1.0 34.0 49.717190894311955
2.0 34.0 51.36565369731172
3.0 34.0 51.8035877488897
4.0 34.0 50.38665833623204
5.0 34.0 51.06009650759674
6.0 34.0 52.41327563276904
7.0 34.0 53.42487602645534
8.0 34.0 53.48234164748738
9.0 34.0 53.768731642397945
10.0 34.0 53.53828844661976
11.0 34.0 53.05865466095568
12.0 34.0 52.74495407694239
13.0 34.0 52.35007185462969
14.0 34.0 51.61154282539287
15.0 34.0 51.24119686661517
16.0 34.0 50.911909371272536
17.0 34.0 50.49778930151439
18.0 34.0 50.07130463507727
19.0 34.0 49.6229849877246
20.0 34.0 49.14739351199432
21.0 34.0 48.664437563342354
22.0 34.0 48.23023425529186
23.0 34.0 47.562193873732014
24.0 34.0 46.73209604130347
25.0 34.0 46.72734391567004
26.0 34.0 45.98527311786755
27.0 34.0 45.37313888578875
28.0 34.0 44.76639180640427
29.0 34.0 44.467199409021035
30.0 34.0 43.40178707616475
31.0 34.0 42.753977725584505
32.0 34.0 40.97848810279731
33.0 34.0 40.422493886287356
34.0 34.0 38.376686196495854
35.0 34.0 37.83449010541734
36.0 34.0 35.99905883953741
37.0 34.0 34.75340479475409
38.0 34.0 33.40153395340733
39.0 34.0 31.67810996919608
40.0 34.0 30.02950317348773
41.0 34.0 28.240837164682336
42.0 34.0 26.78926043119113
43.0 34.0 24.651558397316908
44.0 34.0 22.929758816704492
45.0 34.0 22.130036315530056
46.0 34.0 20.9321043430717
47.0 34.0 19.76984972241513
48.0 34.0 18.754224762451994
49.0 34.0 17.289054819068127

0.0 35.0 48.31904687722667
1.0 35.0 48.36518947404313
2.0 35.0 49.47723412253423
3.0 35.0 49.81442020107107
4.0 35.0 48.22406675487801
5.0 35.0 49.21159992000463
6.0 35.0 50.60667288076089
7.0 35.0 51.34341064776887
8.0 35.0 51.04051440628744
9.0 35.0 51.049463804501826
10.0 35.0 50.7235621311176
11.0 35.0 50.29977230722226
12.0 35.0 49.99612457908895
13.0 35.0 49.5499591446034
14.0 35.0 48.99567336259924
15.0 35.0 48.63149920081221
16.0 35.0 48.285580112903816
17.0 35.0 47.916613270457745
18.0 35.0 47.506273846420534
19.0 35.0 47.088496578542646
20.0 35.0 46.646914523298236
21.0 35.0 46.2167145702556
22.0 35.0 45.91095007874311
23.0 35.0 45.45924616439588
24.0 35.0 44.80224129520167
25.0 35.0 44.61150461789323
26.0 35.0 43.816360518739046
27.0 35.0 43.66228059588377
28.0 35.0 42.727001258284375
29.0 35.0 42.699894357215854
30.0 35.0 41.45276919053971
31.0 35.0 40.96605520539038
32.0 35.0 39.076287378372996
33.0 35.0 38.60974138282229
34.0 35.0 36.468346080344844
35.0 35.0 35.6514974638442
36.0 35.0 33.70946885794969
37.0 35.0 32.29057230065423
38.0 35.0 30.792897046174254
39.0 35.0 29.236368293576668
40.0 35.0 27.343583087854654
41.0 35.0 25.705718833153163
42.0 35.0 24.42097572948032
43.0 35.0 22.08243589957376
44.0 35.0 20.654053796912255
45.0 35.0 20.04027853861352
46.0 35.0 18.930727528053133
47.0 35.0 17.890170690585915
48.0 35.0 16.98421557528291
49.0 35.0 15.714026127069326

0.0 36.0 47.88990203880302
1.0 36.0 47.723262007890995
2.0 36.0 48.297243327556615
3.0 36.0 48.584608660261736
4.0 36.0 46.92491743804452
5.0 36.0 48.22088367220487
6.0 36.0 49.52105940960594
7.0 36.0 49.95838969471737
8.0 36.0 49.46317033438277
9.0 36.0 49.30811931403356
10.0 36.0 48.97532539904644
11.0 36.0 48.64397070205939
12.0 36.0 48.37390708991171
13.0 36.0 47.95467451554575
14.0 36.0 47.504296039756476
15.0 36.0 47.17946517017962
16.0 36.0 46.87235761788617
17.0 36.0 46.52991939186813
18.0 36.0 46.1318168553863
19.0 36.0 45.74216174187319
20.0 36.0 45.3318581949208
21.0 36.0 44.94563824156971
22.0 36.0 44.73324202807617
23.0 36.0 44.41406503263302
24.0 36.0 43.85652656297809
25.0 36.0 43.56206287653511
26.0 36.0 42.739720298279636
27.0 36.0 42.81149959023101
28.0 36.0 41.685602008328246
29.0 36.0 41.72796360793275
30.0 36.0 40.33473811598652
31.0 36.0 39.82687830731584
32.0 36.0 37.8640287662645
33.0 36.0 37.28866200370135
34.0 36.0 35.08136731359477
35.0 36.0 33.9405677850724
36.0 36.0 31.929218355554326
37.0 36.0 30.35481776107909
38.0 36.0 28.74051200698417
39.0 36.0 27.30425861179441
40.0 36.0 25.31096748746328
41.0 36.0 23.82766351586788
42.0 36.0 22.675811543721366
43.0 36.0 20.310372319238912
44.0 36.0 19.160592345052407
45.0 36.0 18.679863337490318
46.0 36.0 17.69129222056969
47.0 36.0 16.78515316153692
48.0 36.0 15.997538863837104
49.0 36.0 14.903793864534219

0.0 37.0 46.291971213145956
1.0 37.0 46.26049096042891
2.0 37.0 46.39965494217412
3.0 37.0 46.65156222471333
4.0 37.0 45.009766001086135
5.0 37.0 46.545504913578796
6.0 37.0 47.61161422264017
7.0 37.0 47.774877333665785
8.0 37.0 47.206645108526885
9.0 37.0 47.05683355106868
10.0 37.0 46.82551252248477
11.0 37.0 46.63472177952231
12.0 37.0 46.475500905555194
13.0 37.0 46.17182898045087
14.0 37.0 45.818481755030504
15.0 37.0 45.57861609395461
16.0 37.0 45.34135677938324
17.0 37.0 45.031913969007306
18.0 37.0 44.65271130588075
19.0 37.0 44.2797894284719
20.0 37.0 43.878609791036865
21.0 37.0 43.498132427532916
22.0 37.0 43.301700003130776
23.0 37.0 42.998424233645835
24.0 37.0 42.42776908794588
25.0 37.0 42.04866045038134
26.0 37.0 41.15412171358571
27.0 37.0 41.21515576602694
28.0 37.0 39.95036587273424
29.0 37.0 39.905635732378805
30.0 37.0 38.369395678866056
31.0 37.0 37.741342223019004
32.0 37.0 35.700981024517866
33.0 37.0 35.002544548823366
34.0 37.0 32.76007819990882
35.0 37.0 31.417966696182038
36.0 37.0 29.367804762034492
37.0 37.0 27.727712463967155
38.0 37.0 26.094636412000128
39.0 37.0 24.764549377725174
40.0 37.0 22.79259796677078
41.0 37.0 21.441074065443466
42.0 37.0 20.410174183872012
43.0 37.0 18.100026516638934
44.0 37.0 17.136557292953164
45.0 37.0 16.771468699368956
46.0 37.0 15.892271505548415
47.0 37.0 15.094126441420858
48.0 37.0 14.402801462589721
49.0 37.0 13.421338827440017

0.0 38.0 44.91482633771258
1.0 38.0 44.9045830055029
2.0 38.0 44.82874326041914
3.0 38.0 45.0465751956065
4.0 38.0 43.498289627308175
5.0 38.0 45.17494315747189
6.0 38.0 45.87483489427643
7.0 38.0 45.78793000573143
8.0 38.0 45.21105678214751
9.0 38.0 45.18711211118311
10.0 38.0 45.12455871316554
11.0 38.0 45.10129404427378
12.0 38.0 45.11389289889118
13.0 38.0 44.98342794471279
14.0 38.0 44.73452553792135
15.0 38.0 44.628544704654054
16.0 38.0 44.500382042915604
17.0 38.0 44.25350520565418
18.0 38.0 43.91127547446083
19.0 38.0 43.54638267845681
20.0 38.0 43.12605916641311
21.0 38.0 42.69876824087197
22.0 38.0 42.42184661140842
23.0 38.0 41.994810121969806
24.0 38.0 41.27847842063338
25.0 38.0 40.7993282515407
26.0 38.0 39.758076526007116
27.0 38.0 39.602633281186755
28.0 38.0 38.237031443458974
29.0 38.0 38.02348691600656
30.0 38.0 36.38829199421323
31.0 38.0 35.642857769448604
32.0 38.0 33.568086190511856
33.0 38.0 32.843148408898756
34.0 38.0 30.647871140715388
35.0 38.0 29.292736775213854
36.0 38.0 27.24150053816105
37.0 38.0 25.614044933348598
38.0 38.0 24.027136650802618
39.0 38.0 22.760331390885007
40.0 38.0 20.852548566766302
41.0 38.0 19.562741762933094
42.0 38.0 18.607705718838616
43.0 38.0 16.357960588024753
44.0 38.0 15.459350646563978
45.0 38.0 15.182952398904904
46.0 38.0 14.373851854137936
47.0 38.0 13.636685873362586
48.0 38.0 13.002970312431504
49.0 38.0 12.060809305716484

0.0 39.0 44.96339419144056
1.0 39.0 44.679649666563165
2.0 39.0 44.70023594990864
3.0 39.0 44.908717758491996
4.0 39.0 43.53987101983102
5.0 39.0 45.267870265223436
6.0 39.0 45.494672049911756
7.0 39.0 45.19223333151811
8.0 39.0 44.66455916644468
9.0 39.0 44.83731883466696
10.0 39.0 44.96202160825946
11.0 39.0 45.08525622091928
12.0 39.0 45.27104132880498
13.0 39.0 45.315785064168104
14.0 39.0 45.11016189326384
15.0 39.0 45.157717155954856
16.0 39.0 45.17166861110024
17.0 39.0 45.00530885049173
18.0 39.0 44.71457281287195
19.0 39.0 44.351989429577486
20.0 39.0 43.89213933904942
21.0 39.0 43.375943880548206
22.0 39.0 42.931181036742444
23.0 39.0 42.24400798182907
24.0 39.0 41.26670371327881
25.0 39.0 40.72664417322481
26.0 39.0 39.516037566161636
27.0 39.0 38.959146800169165
28.0 39.0 37.61469834916144
29.0 39.0 37.187683509298054
30.0 39.0 35.566911866992655
31.0 39.0 34.73523217293963
32.0 39.0 32.698944418621316
33.0 39.0 32.0208428045756
34.0 39.0 29.935506594829082
35.0 39.0 28.734637724697585
36.0 39.0 26.68411589202086
37.0 39.0 25.098087243472705
38.0 39.0 23.569179726548576
39.0 39.0 22.261407933156384
40.0 39.0 20.44335739919999
41.0 39.0 19.116234508223876
42.0 39.0 18.173187028433286
43.0 39.0 16.00504243531711
44.0 39.0 15.042005558267322
45.0 39.0 14.826868723511968
46.0 39.0 14.055936786786386
47.0 39.0 13.336437302011795
48.0 39.0 12.723190103361745
49.0 39.0 11.739648767891008

