0 429.38813488547055
1 291.02301108811247
2 291.02301108811247
3 254.7880760702633
4 254.7880760702633
5 262.4820976869118
6 226.47677682396196
7 226.47677682396196
8 218.7848301836967
9 262.37700176843225
10 213.9984401002902
11 226.24604171648485
12 226.20526974504742
13 226.2616382280818
14 226.27273994398922
15 226.11094901841886
16 213.9984401002902
17 213.9984401002902
18 185.35216027328886
19 185.51145739276905
20 185.50711293359055
21 203.95815075723792
22 203.33680153732672
23 191.39821645486802
24 191.39821645486802
25 191.39821645486802
26 185.3122097375149
27 192.50684888007032
28 184.14322271648933
29 183.99518812572484
30 183.56319842918867
31 184.10543283261583
32 177.84344596452627
33 177.84344596452627
34 177.84344596452627
35 177.84344596452627
36 177.84344596452627
37 157.09862723042232
38 157.09862723042232
39 157.06639787225106
40 157.06639787225106
41 150.38087601018714
42 150.30871837288532
43 150.30871837288532
44 150.30871837288532
45 152.98804730220434
46 153.15075241095823
47 143.8715877432532
48 143.51919600227095
49 130.2468663223484
50 129.69186780206252
51 138.9117667920204
52 138.9117667920204
53 137.64847954448393
54 138.51655057049462
55 129.3231941951286
56 129.3231941951286
57 129.32296135498524
58 127.33517558644677
59 127.33517558644677
60 127.33517558644677
61 127.33517558644677
62 127.74161540414903
63 123.69914737978628
64 126.7018845332333
65 126.47365318899305
66 126.80220775634348
67 125.90444126853022
68 125.53672917200343
69 119.49239471886469
70 118.61384984780014
71 118.61384984780014
72 118.82541580174784
73 118.82541580174784
74 118.13610537958662
75 117.46226900287066
76 116.00155606512021
77 115.98974534747475
78 114.97045050996537
79 114.97045050996537
80 114.8110934967208
81 114.58053593441714
82 114.58053593441714
83 112.79753874465642
84 112.77173337516047
85 112.93582535678415
86 112.11641344596654
87 112.06052134005961
88 112.06052134005961
89 110.65704191661354
90 111.44278059439979
91 110.93171258450253
92 110.93171258450253
93 108.46461924694005
94 108.46461924694005
95 108.47132159042846
96 108.00875415753946
97 108.45286008006337
98 108.45286008006337
99 108.35208714376257
100 105.61276571812985
101 105.5560281605703
102 105.5560281605703
103 105.5560281605703
104 105.46642083148117
105 106.52990655663808
106 106.2926001942203
107 106.52990655663808
108 107.06088882129295
109 107.06088882129295
110 106.51199984623376
111 105.72856601119042
112 106.49696242148586
113 106.66511594247649
114 106.35988834935866
115 106.36141736279801
116 106.16999738898856
117 106.1022741104771
118 106.1022741104771
119 105.93527993128728
120 105.73946332524407
121 105.30151216184802
122 105.29860122397079
123 105.20024321419903
124 105.01308414882611
125 105.03773292202898
126 104.6993431102026
127 104.69543672241869
128 104.54846243023002
129 103.4340067965171
130 103.4340067965171
131 103.36580145766354
132 103.44209208003308
133 103.58257299136517
134 103.86388977020228
135 103.62275005054049
136 103.3797179248213
137 103.3797179248213
138 103.46028297943896
139 103.4135526066977
140 103.20116932762048
141 103.54496876232932
142 103.21906005897885
143 103.1518808434969
144 103.1518808434969
145 103.1518808434969
146 103.15120636749167
147 103.05380014458957
148 102.79087249620288
149 102.99676840284343
150 102.09833030533113
151 102.13763280538998
152 102.037165133262
153 102.037165133262
154 101.49088940695985
155 101.39014525350956
156 101.39014525350956
157 101.38335016129844
158 101.44896192604706
159 101.50434488397708
160 101.52227322747122
161 101.42663714718914
162 101.47978374404839
163 100.94059961165276
164 100.92669388170667
165 100.93878692747506
166 100.8771454093216
167 100.8771454093216
168 100.8771454093216
169 100.89455941873626
170 100.894093590912
171 100.91951547300796
172 100.96894216035354
173 100.89775093837127
174 100.89775093837127
175 99.96574352159229
176 99.92977876265915
177 99.92977876265915
178 99.87825093583616
179 99.82698360066554
180 99.82698360066554
181 99.41322631112014
182 99.41322631112014
183 99.4976885084518
184 99.20885492755015
185 99.20885492755015
186 99.34607550861983
187 99.39593988793462
188 99.39593988793462
189 99.30831942739314
190 99.29514067448197
191 98.99002856978501
192 98.99002856978501
193 98.99267774182776
194 98.61810834566924
195 98.63892372955064
196 98.59947894086851
197 98.46632622299971
198 97.64533807693964
199 97.64533807693964
200 97.65538177861887
