0.0 0.0 66.39187541222432
1.0 0.0 65.84174687326647
2.0 0.0 65.30933239687884
3.0 0.0 64.79185315025624
4.0 0.0 64.2855629508971
5.0 0.0 63.785990905555956
6.0 0.0 63.28823098846165
7.0 0.0 62.787259802919564
8.0 0.0 62.27826194498828
9.0 0.0 61.75694189553701
10.0 0.0 61.21980223954274
11.0 0.0 60.66437019245862
12.0 0.0 60.08935776161886
13.0 0.0 59.49474516908074
14.0 0.0 58.88178213263524
15.0 0.0 58.25290692201537
16.0 0.0 57.61158843300398
17.0 0.0 56.96210150824673
18.0 0.0 56.3092500571638
19.0 0.0 55.65805590838856
20.0 0.0 55.01343354765382
21.0 0.0 54.379871808240694
22.0 0.0 53.761143130790515
23.0 0.0 53.160059223621644
24.0 0.0 52.57828894934852
25.0 0.0 52.016250233223914
26.0 0.0 51.47308299426406
27.0 0.0 50.94670485239821
28.0 0.0 50.43394600350982
29.0 0.0 49.930754526559156
30.0 0.0 49.43245882511587
31.0 0.0 48.934070205053416
32.0 0.0 48.43060599055225
33.0 0.0 47.91741225029939
34.0 0.0 47.39046523101927
35.0 0.0 46.84663197458984
36.0 0.0 46.28387323866282
37.0 0.0 45.7013755776895
38.0 0.0 45.0996040295091
39.0 0.0 44.480271995007925
40.0 0.0 43.84623026173306
41.0 0.0 43.20128235936323
42.0 0.0 42.549938206399304
43.0 0.0 41.89712200429382
44.0 0.0 41.247853298616
45.0 0.0 40.60692186481129
46.0 0.0 39.97857747609268
47.0 0.0 39.36625464709101
48.0 0.0 38.772350181523315
49.0 0.0 38.19806793204015

0.0 1.0 74.15411905177069
1.0 1.0 73.19219159519236
2.0 1.0 72.33190074681221
3.0 1.0 71.50082805260806
4.0 1.0 70.68555963579584
5.0 1.0 69.87906495393939
6.0 1.0 69.07549058552986
7.0 1.0 68.26938107902478
8.0 1.0 67.45569388035015
9.0 1.0 66.63000122438063
10.0 1.0 65.7887226442609
11.0 1.0 64.929330093106
12.0 1.0 64.05049710692157
13.0 1.0 63.15217614196986
14.0 1.0 62.23559628017031
15.0 1.0 61.30318007774362
16.0 1.0 60.35838421884903
17.0 1.0 59.40547388991496
18.0 1.0 58.44924524982902
19.0 1.0 57.49471382478087
20.0 1.0 56.54678891660271
21.0 1.0 55.60995505121193
22.0 1.0 54.68798105761402
23.0 1.0 53.78367559104865
24.0 1.0 52.8987049141093
25.0 1.0 52.033484722939235
26.0 1.0 51.187153013677175
27.0 1.0 50.357625738162014
28.0 1.0 49.541731637675156
29.0 1.0 48.735417516627045
30.0 1.0 47.934010656806834
31.0 1.0 47.13252137265373
32.0 1.0 46.325966108707405
33.0 1.0 45.509690150361195
34.0 1.0 44.679669044458045
35.0 1.0 43.83276920551596
36.0 1.0 42.96695082713188
37.0 1.0 42.081399955170674
38.0 1.0 41.176581167659876
39.0 1.0 40.254207448707035
40.0 1.0 39.31712920716853
41.0 1.0 38.36914962784555
42.0 1.0 37.41477831446567
43.0 1.0 36.45893918058334
44.0 1.0 35.5066515079247
45.0 1.0 34.56270482967616
46.0 1.0 33.63134869620445
47.0 1.0 32.71601741679363
48.0 1.0 31.819107605622804
49.0 1.0 30.941822940115898

0.0 2.0 78.21819024866396
1.0 2.0 77.47232340278042
2.0 2.0 76.76835116680671
3.0 2.0 76.08712809114405
4.0 2.0 75.42039528818941
5.0 2.0 74.76203757216639
6.0 2.0 74.10642817931759
7.0 2.0 73.44818389195885
8.0 2.0 72.78229150681659
9.0 2.0 72.10433841892743
10.0 2.0 71.41075372849566
11.0 2.0 70.69901629569453
12.0 2.0 69.96780504352115
13.0 2.0 69.21707680751241
14.0 2.0 68.44806431072288
15.0 2.0 67.66319317683951
16.0 2.0 66.86592269647673
17.0 2.0 66.06052028487986
18.0 2.0 65.25178401677415
19.0 2.0 64.44473107274229
20.0 2.0 63.6442721893101
21.0 2.0 62.854893141552054
22.0 2.0 62.08036385025012
23.0 2.0 61.32349392837202
24.0 2.0 60.5859504816147
25.0 2.0 59.868149950837974
26.0 2.0 59.16923099213742
27.0 2.0 58.48711014402874
28.0 2.0 57.81861667089608
29.0 2.0 57.15969784491439
30.0 2.0 56.50568136731192
31.0 2.0 55.85157792963349
32.0 2.0 55.19240431632767
33.0 2.0 54.52350611991788
34.0 2.0 53.84085916541035
35.0 2.0 53.141330119818385
36.0 2.0 52.4228794064301
37.0 2.0 51.68469328049033
38.0 2.0 50.9272365112719
39.0 2.0 50.152222257898146
40.0 2.0 49.362501089684
41.0 2.0 48.561876338803394
42.0 2.0 47.754857744568746
43.0 2.0 46.9463693454792
44.0 2.0 46.141430538582476
45.0 2.0 45.344830963666915
46.0 2.0 44.560820269785765
47.0 2.0 43.792832857711446
48.0 2.0 43.043265426554505
49.0 2.0 42.3133217326876

0.0 3.0 78.28457381565983
1.0 3.0 77.5204572681756
2.0 3.0 76.7843901245938
3.0 3.0 76.0677245568853
4.0 3.0 75.36448452726252
5.0 3.0 74.66920946667457
6.0 3.0 73.9764997110731
7.0 3.0 73.28106271032074
8.0 3.0 72.57792571073732
9.0 3.0 71.86269591758969
10.0 3.0 71.13181296495549
11.0 3.0 70.3827617495554
12.0 3.0 69.61422490028501
13.0 3.0 68.82616167541188
14.0 3.0 68.01980647343481
15.0 3.0 67.19758613473722
16.0 3.0 66.36296087076302
17.0 3.0 65.52019881784241
18.0 3.0 64.67409863120665
19.0 3.0 63.82967796926974
20.0 3.0 62.9918479689333
21.0 3.0 62.165094745573896
22.0 3.0 61.35318851257879
23.0 3.0 60.55893913690051
24.0 3.0 59.78401394643387
25.0 3.0 59.0288295777147
26.0 3.0 58.29252486013209
27.0 3.0 57.573016486423654
28.0 3.0 56.867133858812345
29.0 3.0 56.17082437313948
30.0 3.0 55.47941584196542
31.0 3.0 54.78791905737557
32.0 3.0 54.09135089487302
33.0 3.0 53.38505702966232
34.0 3.0 52.665013362011486
35.0 3.0 51.92808662759917
36.0 3.0 51.17223731249536
37.0 3.0 50.39665172946405
38.0 3.0 49.60179470057687
39.0 3.0 48.789379433511535
40.0 3.0 47.96225654231167
41.0 3.0 47.12422940042392
42.0 3.0 46.279807785304925
43.0 3.0 45.433915770760144
44.0 3.0 44.591572786564484
45.0 3.0 43.75756850288522
46.0 3.0 42.93615259701264
47.0 3.0 42.13075949599946
48.0 3.0 41.34378592344588
49.0 3.0 40.57643565857303

0.0 4.0 79.40067520305492
1.0 4.0 78.80900764362839
2.0 4.0 78.24044061057955
3.0 4.0 77.6895648397556
4.0 4.0 77.15142560784403
5.0 4.0 76.6209393902794
6.0 4.0 76.09286376501585
7.0 4.0 75.56197829900057
8.0 4.0 75.02334592793318
9.0 4.0 74.47259265751042
10.0 4.0 73.90616856038088
11.0 4.0 73.32156459797446
12.0 4.0 72.71746706642723
13.0 4.0 72.09383752273514
14.0 4.0 71.45191185457972
15.0 4.0 70.79411789712547
16.0 4.0 70.1239165458069
17.0 4.0 69.44557642031965
18.0 4.0 68.76389652651216
19.0 4.0 68.0838947835152
20.0 4.0 67.41048252670629
21.0 4.0 66.74814602592798
22.0 4.0 66.10065561727741
23.0 4.0 65.4708212670513
24.0 4.0 64.86031038497065
25.0 4.0 64.26953967602483
26.0 4.0 63.69764802767107
27.0 4.0 63.14255218251683
28.0 4.0 62.60108158608253
29.0 4.0 62.06918367216184
30.0 4.0 61.54218628686177
31.0 4.0 61.01510025213814
32.0 4.0 60.48294247026207
33.0 4.0 59.94105864056108
34.0 4.0 59.38542468515012
35.0 4.0 58.812907359579654
36.0 4.0 58.22146716806475
37.0 4.0 57.610290439994614
38.0 4.0 56.979842012720255
39.0 4.0 56.331835108000476
40.0 4.0 55.669120352887965
41.0 4.0 54.995501132875184
42.0 4.0 54.31548723659557
43.0 4.0 53.63400274824471
44.0 4.0 52.95606710727315
45.0 4.0 52.28646999287295
46.0 4.0 51.62946109076483
47.0 4.0 50.98847483588771
48.0 4.0 50.36590795922863
49.0 4.0 49.76296424693648

0.0 5.0 78.96580079096466
1.0 5.0 78.37881975941927
2.0 5.0 77.81273226346002
3.0 5.0 77.26339699642978
4.0 5.0 76.72635790351656
5.0 5.0 76.19674835701579
6.0 5.0 75.66942854298023
7.0 5.0 75.13923002996886
8.0 5.0 74.60124364810136
9.0 5.0 74.05111109209349
10.0 5.0 73.48529161903888
11.0 5.0 72.90128175400575
12.0 5.0 72.29777126441708
13.0 5.0 71.67472392962073
14.0 5.0 71.03337709273521
15.0 5.0 70.3761595615367
16.0 5.0 69.70653289329758
17.0 5.0 69.02876616552834
18.0 5.0 68.34765870555245
19.0 5.0 67.66822866139316
20.0 5.0 66.99538753352877
21.0 5.0 66.33362171235949
22.0 5.0 65.68670162305469
23.0 5.0 65.05743729847457
24.0 5.0 64.4474961986419
25.0 5.0 63.8572950669832
26.0 5.0 63.285972820655154
27.0 5.0 62.731446225472794
28.0 5.0 62.190544745299604
29.0 5.0 61.65921582859706
30.0 5.0 61.13278733334087
31.0 5.0 60.606270091206596
32.0 5.0 60.074681012522284
33.0 5.0 59.53336580337534
34.0 5.0 58.9783003916206
35.0 5.0 58.40635153773981
36.0 5.0 57.81547975023264
37.0 5.0 57.20487136225134
38.0 5.0 56.57499121448543
39.0 5.0 55.92755253168355
40.0 5.0 55.265405943599134
41.0 5.0 54.592354838183326
42.0 5.0 53.91290900632373
43.0 5.0 53.2319925342955
44.0 5.0 52.55462486347831
45.0 5.0 51.885595674862586
46.0 5.0 51.229154655852604
47.0 5.0 50.58873624296925
48.0 5.0 49.96673716869085
49.0 5.0 49.36436122057604

0.0 6.0 78.47836764174457
1.0 6.0 77.90022027742306
2.0 6.0 77.34183490514442
3.0 6.0 76.79964927191722
4.0 6.0 76.26947135590366
5.0 6.0 75.74656356211064
6.0 6.0 75.22585310365591
7.0 6.0 74.70220822861607
8.0 6.0 74.17074074770025
9.0 6.0 73.62710481794474
10.0 6.0 73.06776734242072
11.0 6.0 72.49022967002784
12.0 6.0 71.89318468615659
13.0 6.0 71.27659822852048
14.0 6.0 70.64170902443648
15.0 6.0 69.99094682772866
16.0 6.0 69.32777385152542
17.0 6.0 68.6564596337289
18.0 6.0 67.98180382839557
19.0 6.0 67.30882481764257
20.0 6.0 66.64243427105079
21.0 6.0 65.98711870203003
22.0 6.0 65.34664862574905
23.0 6.0 64.72383414122027
24.0 6.0 64.12034275725703
25.0 6.0 63.53659125334984
26.0 6.0 62.9717185733345
27.0 6.0 62.42364150274888
28.0 6.0 61.88918952000096
29.0 6.0 61.36431008422841
30.0 6.0 60.844331061185954
31.0 6.0 60.32426328815467
32.0 6.0 59.79912367943639
33.0 6.0 59.26425794386785
34.0 6.0 58.715642011136
35.0 6.0 58.15014264286988
36.0 6.0 57.56572034820791
37.0 6.0 56.96156146056624
38.0 6.0 56.33813082062518
39.0 6.0 55.69714165292832
40.0 6.0 55.041444586886776
41.0 6.0 54.374843010016605
42.0 6.0 53.701846712711
43.0 6.0 53.02737978071664
44.0 6.0 52.35646165486943
45.0 6.0 51.693882015614506
46.0 6.0 51.04389054981951
47.0 6.0 50.409921693484456
48.0 6.0 49.79437217858763
49.0 6.0 49.198445792211665

0.0 7.0 77.93322014170982
1.0 7.0 77.36224708897325
2.0 7.0 76.81039587294413
3.0 7.0 76.27439944177036
4.0 7.0 75.75021550951158
5.0 7.0 75.23318635781466
6.0 7.0 74.71828382461526
7.0 7.0 74.20040212491065
8.0 7.0 73.67466872558578
9.0 7.0 73.13674751958253
10.0 7.0 72.5831116298088
11.0 7.0 72.01126647364022
12.0 7.0 71.4199076534392
13.0 7.0 70.80900285476059
14.0 7.0 70.17979208206276
15.0 7.0 69.53470598451929
16.0 7.0 68.87720741088833
17.0 7.0 68.21156635534795
18.0 7.0 67.54258280268631
19.0 7.0 66.87527537679375
20.0 7.0 66.21455592529097
21.0 7.0 65.56491109350962
22.0 7.0 64.9301114948684
23.0 7.0 64.31296730184553
24.0 7.0 63.71514607834577
25.0 7.0 63.13706464524055
26.0 7.0 62.57786197745814
27.0 7.0 62.035454883870074
28.0 7.0 61.50667286034219
29.0 7.0 60.98746337900478
30.0 7.0 60.473154315202585
31.0 7.0 59.95875651320896
32.0 7.0 59.439286892332504
33.0 7.0 58.910091164899086
34.0 7.0 58.36714526292583
35.0 7.0 57.8073159494889
36.0 7.0 57.22856373450354
37.0 7.0 56.63007495165685
38.0 7.0 56.0123144415215
39.0 7.0 55.37699542825321
40.0 7.0 54.726968540671514
41.0 7.0 54.06603716555613
42.0 7.0 53.39871109246485
43.0 7.0 52.729914406245015
44.0 7.0 52.064666546796346
45.0 7.0 51.407757193611516
46.0 7.0 50.763436032605014
47.0 7.0 50.13513749883476
48.0 7.0 49.525258323356574
49.0 7.0 48.93500229235655

0.0 8.0 77.35114319736356
1.0 8.0 76.78574659872807
2.0 8.0 76.23908109182486
3.0 8.0 75.70804352648808
4.0 8.0 75.18868172142582
5.0 8.0 74.67638943077625
6.0 8.0 74.16616898007005
7.0 8.0 73.65293324326743
8.0 8.0 73.1318214448227
9.0 8.0 72.59850508057778
10.0 8.0 72.04946230378222
11.0 8.0 71.48220192849189
12.0 8.0 70.89542189254486
13.0 8.0 70.2890915134457
14.0 8.0 69.66445195256439
15.0 8.0 69.0239346898702
16.0 8.0 68.37100317765294
17.0 8.0 67.70992785307598
18.0 8.0 67.04550902908561
19.0 8.0 66.38276557467172
20.0 8.0 65.72660952185507
21.0 8.0 65.0815276555901
22.0 8.0 64.45129069560278
23.0 8.0 63.83870889569711
24.0 8.0 63.24544988223748
25.0 8.0 62.67193052421507
26.0 8.0 62.1172898337144
27.0 8.0 61.57944464833687
28.0 8.0 61.05522448617123
29.0 8.0 60.540576836524956
30.0 8.0 60.03082958799309
31.0 8.0 59.52099359503359
32.0 8.0 59.00608578474025
33.0 8.0 58.48145187534235
34.0 8.0 57.9430678032826
35.0 8.0 57.38780033490124
36.0 8.0 56.81360998246463
37.0 8.0 56.21968308129391
38.0 8.0 55.60648447303349
39.0 8.0 54.975727382471206
40.0 8.0 54.33026243871617
41.0 8.0 53.673893028572515
42.0 8.0 53.01112894141871
43.0 8.0 52.346894261767915
44.0 8.0 51.686208429069666
45.0 8.0 51.03386112228145
46.0 8.0 50.39410202672207
47.0 8.0 49.77036557681276
48.0 8.0 49.165048502946995
49.0 8.0 48.579354590634985

0.0 9.0 76.74558854498689
1.0 9.0 76.1845698005594
2.0 9.0 75.64202839212267
3.0 9.0 75.11495881192019
4.0 9.0 74.59946601055226
5.0 9.0 74.09097821013135
6.0 9.0 73.58451914987768
7.0 9.0 73.0750153713822
8.0 9.0 72.55761503867701
9.0 9.0 72.02799562487422
10.0 9.0 71.48263935966747
11.0 9.0 70.91905788710012
12.0 9.0 70.33595114137846
13.0 9.0 69.73328986879046
14.0 9.0 69.11231626669527
15.0 9.0 68.47546257515617
16.0 9.0 67.82619281012644
17.0 9.0 67.1687778308343
18.0 9.0 66.50801826905102
19.0 9.0 65.84893323652939
20.0 9.0 65.19643495147338
21.0 9.0 64.55501034255947
22.0 9.0 63.928430241109396
23.0 9.0 63.31950498803241
24.0 9.0 62.729902277999045
25.0 9.0 62.16003903378343
26.0 9.0 61.60905430996701
27.0 9.0 61.07486497782998
28.0 9.0 60.5543005822156
29.0 9.0 60.04330863372374
30.0 9.0 59.53721703791522
31.0 9.0 59.03103666277358
32.0 9.0 58.51978444617349
33.0 9.0 57.99880611492864
34.0 9.0 57.464077612303704
35.0 9.0 56.91246571004342
36.0 9.0 56.34193092467643
37.0 9.0 55.751659594864435
38.0 9.0 55.14211656484753
39.0 9.0 54.515015061407105
40.0 9.0 53.873205715158846
41.0 9.0 53.22049191401971
42.0 9.0 52.56138344816298
43.0 9.0 51.90080440264009
44.0 9.0 51.24377421723253
45.0 9.0 50.595082571064125
46.0 9.0 49.9589791494879
47.0 9.0 49.33889838685442
48.0 9.0 48.7372370134038
49.0 9.0 48.155198814428516

0.0 10.0 76.12381334920724
1.0 10.0 75.56630628764181
2.0 10.0 75.02710348529574
3.0 10.0 74.50326105545594
4.0 10.0 73.99092180085923
5.0 10.0 73.48553780187592
6.0 10.0 72.9821482106685
7.0 10.0 72.47568975613548
8.0 10.0 71.96131747805642
9.0 10.0 71.43471357940416
10.0 10.0 70.89236360029801
11.0 10.0 70.33178153839111
12.0 10.0 69.75166902526409
13.0 10.0 69.15199804730088
14.0 10.0 68.53401171864633
15.0 10.0 67.90014296448442
16.0 10.0 67.25385631783979
17.0 10.0 66.59942303172119
18.0 10.0 65.94164404027752
19.0 10.0 65.28553868921891
20.0 10.0 64.63601937903042
21.0 10.0 63.997573181314834
22.0 10.0 63.37397104011765
23.0 10.0 62.7680233857268
24.0 10.0 62.18139798402657
25.0 10.0 61.61451181478298
26.0 10.0 61.06650397837033
27.0 10.0 60.53529138299556
28.0 10.0 60.0177036033744
29.0 10.0 59.50968817434045
30.0 10.0 59.006573021161415
31.0 10.0 58.503369027879074
32.0 10.0 57.99509314547451
33.0 10.0 57.47709111147157
34.0 10.0 56.94533887789373
35.0 10.0 56.39670322365084
36.0 10.0 55.8291446711317
37.0 10.0 55.24184956378704
38.0 10.0 54.63528274976501
39.0 10.0 54.01115745902901
40.0 10.0 53.37232432477752
41.0 10.0 52.72258673701509
42.0 10.0 52.06645448759281
43.0 10.0 51.4088516629007
44.0 10.0 50.754797703777754
45.0 10.0 50.10908229017255
46.0 10.0 49.475955108069996
47.0 10.0 48.85885059229288
48.0 10.0 48.26016547342164
49.0 10.0 47.681103536980075

0.0 11.0 75.48947916218867
1.0 11.0 74.93485476215638
2.0 11.0 74.3984123167902
3.0 11.0 73.87724856071915
4.0 11.0 73.36753222464155
5.0 11.0 72.86473232042138
6.0 11.0 72.36389929620475
7.0 11.0 71.85997756803991
8.0 11.0 71.34812750317673
9.0 11.0 70.82403505883484
10.0 11.0 70.28418846140333
11.0 11.0 69.7261036576333
12.0 11.0 69.14848371149131
13.0 11.0 68.55130167439607
14.0 11.0 67.9358014609262
15.0 11.0 67.30441660379367
16.0 11.0 66.6606121013349
17.0 11.0 66.00865956593417
18.0 11.0 65.35336021144349
19.0 11.0 64.69973360281982
20.0 11.0 64.05269231353812
21.0 11.0 63.416723552524005
22.0 11.0 62.79559837344534
23.0 11.0 62.1921272945539
24.0 11.0 61.6079781526566
25.0 11.0 61.043567984954635
26.0 11.0 60.4980359385238
27.0 11.0 59.969298959686164
28.0 11.0 59.454186654370716
29.0 11.0 58.948646583051186
30.0 11.0 58.44800669211628
31.0 11.0 57.94727788304944
32.0 11.0 57.44147712126687
33.0 11.0 56.92595015626212
34.0 11.0 56.396672950000024
35.0 11.0 55.85051228965811
36.0 11.0 55.28542870450782
37.0 11.0 54.70060854373336
38.0 11.0 54.09651666026067
39.0 11.0 53.47486628803429
40.0 11.0 52.838508063568504
41.0 11.0 52.19124537962685
42.0 11.0 51.53758803035281
43.0 11.0 50.88246010403708
44.0 11.0 50.230881043090186
45.0 11.0 49.587640528755266
46.0 11.0 48.956988248078616
47.0 11.0 48.34235863674792
48.0 11.0 47.74614842604292
49.0 11.0 47.16956140204712

0.0 12.0 74.84486838353489
1.0 12.0 74.29265672980856
2.0 12.0 73.75853840171222
3.0 12.0 73.2396377746741
4.0 12.0 72.73214177982807
5.0 12.0 72.23153166811879
6.0 12.0 71.73286627711016
7.0 12.0 71.23109587530128
8.0 12.0 70.72138497890404
9.0 12.0 70.1994225302607
10.0 12.0 69.6616989328704
11.0 12.0 69.10573174122223
12.0 12.0 68.53022522025248
13.0 12.0 67.93515332802306
14.0 12.0 67.32176067026002
15.0 12.0 66.69248131130671
16.0 12.0 66.05078066184493
17.0 12.0 65.40093065655411
18.0 12.0 64.7477327629997
19.0 12.0 64.09620674718931
20.0 12.0 63.451265342897855
21.0 12.0 62.81739588759085
22.0 12.0 62.19836953855578
23.0 12.0 61.59699689798726
24.0 12.0 61.01494587100618
25.0 12.0 60.45263355064502
26.0 12.0 59.90919912978889
27.0 12.0 59.38255959248327
28.0 12.0 58.86954457582654
29.0 12.0 58.36610166612641
30.0 12.0 57.86755883124435
31.0 12.0 57.368926990557966
32.0 12.0 56.86522312443053
33.0 12.0 56.351792994867345
34.0 12.0 55.82461257432621
35.0 12.0 55.280548658798956
36.0 12.0 54.717561784971636
37.0 12.0 54.13483830827283
38.0 12.0 53.53284308689213
39.0 12.0 52.91328935921378
40.0 12.0 52.27902776549817
41.0 12.0 51.633861701669915
42.0 12.0 50.98230096453912
43.0 12.0 50.3292696446446
44.0 12.0 49.67978718629017
45.0 12.0 49.038643272311056
46.0 12.0 48.410087591089635
47.0 12.0 47.79755457943185
48.0 12.0 47.20344096955019
49.0 12.0 46.628950548302804

0.0 13.0 74.19199607680581
1.0 13.0 73.64183319624605
2.0 13.0 73.10969802265198
3.0 13.0 72.59273424372675
4.0 13.0 72.08714184102423
5.0 13.0 71.58841106233508
6.0 13.0 71.09160705720598
7.0 13.0 70.59168459304378
8.0 13.0 70.08381143928831
9.0 13.0 69.56367892208587
10.0 13.0 69.02777921307093
11.0 13.0 68.47363119301397
12.0 13.0 67.89994013206172
13.0 13.0 67.30668075747728
14.0 13.0 66.69509826883603
15.0 13.0 66.06762719273972
16.0 13.0 65.4277333024548
17.0 13.0 64.7796888190888
18.0 13.0 64.12829543797304
19.0 13.0 63.478573107349696
20.0 13.0 62.835434707636495
21.0 13.0 62.203367694933
22.0 13.0 61.58614332298101
23.0 13.0 60.98657227276168
24.0 13.0 60.406322514030535
25.0 13.0 59.84581119305963
26.0 13.0 59.30417754675311
27.0 13.0 58.77933859567981
28.0 13.0 58.26812400734118
29.0 13.0 57.76648139343008
30.0 13.0 57.269738743062874
31.0 13.0 56.77290699345994
32.0 13.0 56.271003139998555
33.0 13.0 55.759372957345235
34.0 13.0 55.23399242865589
35.0 13.0 54.691728358977784
36.0 13.0 54.13054129267401
37.0 13.0 53.549617591690556
38.0 13.0 52.94942211975632
39.0 13.0 52.3316681199682
40.0 13.0 51.69920623659879
41.0 13.0 51.05583986899041
42.0 13.0 50.40607881686522
43.0 13.0 49.7548471732433
44.0 13.0 49.10716438454213
45.0 13.0 48.4678201353964
46.0 13.0 47.8410641157191
47.0 13.0 47.23033076361637
48.0 13.0 46.63801681240329
49.0 13.0 46.06532604987091

0.0 14.0 73.53278766578056
1.0 14.0 72.9843831750786
2.0 14.0 72.45395667492764
3.0 14.0 71.93866573105427
4.0 14.0 71.43471990401366
5.0 14.0 70.93761618486232
6.0 14.0 70.44242454929118
7.0 14.0 69.9441032694815
8.0 14.0 69.43782269376892
9.0 14.0 68.9192760688565
10.0 14.0 68.38495701254857
11.0 14.0 67.83238550573721
12.0 14.0 67.26026766338313
13.0 14.0 66.6685788672087
14.0 14.0 66.05856482792348
15.0 14.0 65.43266047435684
16.0 14.0 64.79433189853842
17.0 14.0 64.147851575859
18.0 14.0 63.49802140574407
19.0 14.0 62.849861501188556
20.0 14.0 62.2082848763195
21.0 14.0 61.57777909629733
22.0 14.0 60.96211550423864
23.0 14.0 60.36410485468955
24.0 14.0 59.785415178207266
25.0 14.0 59.22646367151091
26.0 14.0 58.68638961351195
27.0 14.0 58.1631100598772
28.0 14.0 57.65345470752614
29.0 14.0 57.153371192881735
30.0 14.0 56.65818752590699
31.0 14.0 56.16291466144031
32.0 14.0 55.66256960978396
33.0 14.0 55.152498158275804
34.0 14.0 54.62867630085165
35.0 14.0 54.08797085174659
36.0 14.0 53.52834236316775
37.0 14.0 52.94897720376815
38.0 14.0 52.35034024301928
39.0 14.0 51.73414472894068
40.0 14.0 51.10324131002902
41.0 14.0 50.46143338925425
42.0 14.0 49.81323076945603
43.0 14.0 49.16355754633473
44.0 14.0 48.51743316861288
45.0 14.0 47.8796473229076
46.0 14.0 47.2544497008365
47.0 14.0 46.645274741970866
48.0 14.0 46.054519180884164
49.0 14.0 45.48338680644716

0.0 15.0 72.86886804653368
1.0 15.0 72.32198618914097
2.0 15.0 71.79304367970525
3.0 15.0 71.27920838264933
4.0 15.0 70.7766970808859
5.0 15.0 70.28101193564045
6.0 15.0 69.78722668468797
7.0 15.0 69.2903023761063
8.0 15.0 68.7854114318842
9.0 15.0 68.26824866516122
10.0 15.0 67.73530888916139
11.0 15.0 67.1841130056714
12.0 15.0 66.61336784526333
13.0 15.0 66.02304935025809
14.0 15.0 65.41440367384251
15.0 15.0 64.7898660965471
16.0 15.0 64.15290299178542
17.0 15.0 63.50778706145615
18.0 15.0 62.859320388366726
19.0 15.0 62.21252323477881
20.0 15.0 61.57230873693142
21.0 15.0 60.94316456035604
22.0 15.0 60.32886213103772
23.0 15.0 59.73221227222696
24.0 15.0 59.154883071666475
25.0 15.0 58.59729177384945
26.0 15.0 58.05857769773776
27.0 15.0 57.53665793268361
28.0 15.0 57.02836220402549
29.0 15.0 56.529638172231735
30.0 15.0 56.03581386766523
31.0 15.0 55.5419002625156
32.0 15.0 55.04291438187826
33.0 15.0 54.534202025731496
34.0 15.0 54.01173919883435
35.0 15.0 53.47239272470705
36.0 15.0 52.9141231635366
37.0 15.0 52.33611689084537
38.0 15.0 51.73883878202704
39.0 15.0 51.12400209021382
40.0 15.0 50.49445746832158
41.0 15.0 49.8540083231442
42.0 15.0 49.207164460833326
43.0 15.0 48.55884997996024
44.0 15.0 47.91408433173767
45.0 15.0 47.27765720494378
46.0 15.0 46.653818293072234
47.0 15.0 46.04600203732328
48.0 15.0 45.456605173684736
49.0 15.0 44.8868314922552

0.0 16.0 72.20134744053645
1.0 16.0 71.6557954323095
2.0 16.0 71.12815202093165
3.0 16.0 70.61559295406897
4.0 16.0 70.1143406023844
5.0 16.0 69.61990117824436
6.0 16.0 69.12735140677603
7.0 16.0 68.63165456974306
8.0 16.0 68.12798477937926
9.0 16.0 67.61203814150419
10.0 16.0 67.08031046752357
11.0 16.0 66.53032343682042
12.0 16.0 65.96078449066849
13.0 16.0 65.37167005464602
14.0 16.0 64.76422666704161
15.0 16.0 64.14088991728536
16.0 16.0 63.505126428089426
17.0 16.0 62.861209103708255
18.0 16.0 62.21394019208872
19.0 16.0 61.56834009094403
20.0 16.0 60.929322048144144
21.0 16.0 60.301373821633206
22.0 16.0 59.688266914222936
23.0 16.0 59.09281221328796
24.0 16.0 58.51667786029416
25.0 16.0 57.96028114490373
26.0 16.0 57.42276142418274
27.0 16.0 56.902035819729406
28.0 16.0 56.394934084252185
29.0 16.0 55.897403901516135
30.0 16.0 55.404773321766555
31.0 16.0 54.912053334204096
32.0 16.0 54.41426097851293
33.0 16.0 53.90674206721052
34.0 16.0 53.38547261585608
35.0 16.0 52.847319457290375
36.0 16.0 52.290243159758866
37.0 16.0 51.71343010576309
38.0 16.0 51.117345176750945
39.0 16.0 50.5037016311142
40.0 16.0 49.87535012634422
41.0 16.0 49.2360940732203
42.0 16.0 48.590443281369495
43.0 16.0 47.94332185239688
44.0 16.0 47.29974924016589
45.0 16.0 46.664515135772575
46.0 16.0 46.04186923473887
47.0 16.0 45.435245980040776
48.0 16.0 44.8470421092216
49.0 16.0 44.27846141374276

0.0 17.0 71.53082058627362
1.0 17.0 70.98644020083168
2.0 17.0 70.45994355029143
3.0 17.0 69.94851254720332
4.0 17.0 69.4483739636136
5.0 17.0 68.95503723444074
6.0 17.0 68.4635814872526
7.0 17.0 67.9689718204328
8.0 17.0 67.46638373624255
9.0 17.0 66.95151441514126
10.0 17.0 66.42086050703553
11.0 17.0 65.87194435105455
12.0 17.0 65.30347391157215
13.0 17.0 64.71542603187783
14.0 17.0 64.10904758602399
15.0 17.0 63.48677443500078
16.0 17.0 62.852073422423096
17.0 17.0 62.20921763321428
18.0 17.0 61.56300946383672
19.0 17.0 60.918469434672986
20.0 17.0 60.280510895371705
21.0 17.0 59.65362168868228
22.0 17.0 59.04157338836305
23.0 17.0 58.4471769413668
24.0 17.0 57.87210053937058
25.0 17.0 57.31676151449726
26.0 17.0 56.78029925983499
27.0 17.0 56.26063092763489
28.0 17.0 55.7545862967647
29.0 17.0 55.258113073374886
30.0 17.0 54.76653932691636
31.0 17.0 54.27487606310757
32.0 17.0 53.77814033587194
33.0 17.0 53.27167797002879
34.0 17.0 52.75146499178753
35.0 17.0 52.2143682432273
36.0 17.0 51.65834830062208
37.0 17.0 51.08259155346274
38.0 17.0 50.48756288929178
39.0 17.0 49.874975571823555
40.0 17.0 49.247680263204536
41.0 17.0 48.609480378290804
42.0 17.0 47.964885730284195
43.0 17.0 47.31882042392801
44.0 17.0 46.67630391584359
45.0 17.0 46.04212589955302
46.0 17.0 45.420536072714185
47.0 17.0 44.81496888018515
48.0 17.0 44.227821061168655
49.0 17.0 43.660296408590206

0.0 18.0 70.8575909354058
1.0 18.0 70.31425131435812
2.0 18.0 69.7887751749804
3.0 18.0 69.27834929765399
4.0 18.0 68.77920395121987
5.0 18.0 68.28685115299072
6.0 18.0 67.79637197450633
7.0 18.0 67.30273299896442
8.0 18.0 66.80111087622367
9.0 18.0 66.28720368269899
10.0 18.0 65.7575087740274
11.0 18.0 65.20954904968698
12.0 18.0 64.64203292222014
13.0 18.0 64.05493759577598
14.0 18.0 63.44951023678058
15.0 18.0 62.828186944487925
16.0 18.0 62.19443475773815
17.0 18.0 61.55252692223256
18.0 18.0 60.907265967478416
19.0 18.0 60.26367252445205
20.0 18.0 59.626660035125866
21.0 18.0 59.000716419632184
22.0 18.0 58.389613316836744
23.0 18.0 57.79616172866943
24.0 18.0 57.222029893389106
25.0 18.0 56.66763518271533
26.0 18.0 56.132117023498765
27.0 18.0 55.61339259686264
28.0 18.0 55.10829170643321
29.0 18.0 54.61276207964788
30.0 18.0 54.12213180430543
31.0 18.0 53.63141190197659
32.0 18.0 53.13561944031167
33.0 18.0 52.63010025604202
34.0 18.0 52.11083038573513
35.0 18.0 51.574676680494385
36.0 18.0 51.019599724470325
37.0 18.0 50.44478591404053
38.0 18.0 49.85070014277863
39.0 18.0 49.23905567968904
40.0 18.0 48.612703191565004
41.0 18.0 47.97544609734996
42.0 18.0 47.33179421384567
43.0 18.0 46.68667164896986
44.0 18.0 46.04509786214632
45.0 18.0 45.41186254937368
46.0 18.0 44.79121541050056
47.0 18.0 44.186590892324666
48.0 18.0 43.6003857357674
49.0 18.0 43.03380373527824

0.0 19.0 70.1819294401043
1.0 19.0 69.6395208846002
2.0 19.0 69.11495923104158
3.0 19.0 68.60543512342059
4.0 19.0 68.1071816230931
5.0 19.0 67.61571282661568
6.0 19.0 67.12611138503982
7.0 19.0 66.6333450993707
8.0 19.0 66.1325915695229
9.0 19.0 65.61954962042826
10.0 19.0 65.09071720252736
11.0 19.0 64.5436176915749
12.0 19.0 63.97695988412913
13.0 19.0 63.390721295937986
14.0 19.0 62.7861493477553
15.0 19.0 62.16568034755666
16.0 19.0 61.532781506354524
17.0 19.0 60.89172621255713
18.0 19.0 60.24731711449185
19.0 19.0 59.60457494248929
20.0 19.0 58.96841322193461
21.0 19.0 58.34331994325657
22.0 19.0 57.733066804777806
23.0 19.0 57.14046485888948
24.0 19.0 56.56718238681648
25.0 19.0 56.01363679697548
26.0 19.0 55.47896754765216
27.0 19.0 54.96109184697235
28.0 19.0 54.45683952181911
29.0 19.0 53.96215831971112
30.0 19.0 53.47237634582821
31.0 19.0 52.982504636819456
32.0 19.0 52.48756027344443
33.0 19.0 51.98288910385544
34.0 19.0 51.46446717458971
35.0 19.0 50.92916134546989
36.0 19.0 50.374932208285806
37.0 19.0 49.80096616611942
38.0 19.0 49.20772811843783
39.0 19.0 48.596931339433944
40.0 19.0 47.971426500475516
41.0 19.0 47.335017024544676
42.0 19.0 46.69221273201347
43.0 19.0 46.0479377339597
44.0 19.0 45.407211492607274
45.0 19.0 44.77482370643882
46.0 19.0 44.15502407750862
47.0 19.0 43.55124705457476
48.0 19.0 42.96588938030254
49.0 19.0 42.40015485069404

0.0 20.0 69.50419198565432
1.0 20.0 68.96262112250898
2.0 20.0 68.43888346587632
3.0 20.0 67.93017276056268
4.0 20.0 67.4327243204149
5.0 20.0 66.9420539310775
6.0 20.0 66.45324553711401
7.0 20.0 65.96126794527113
8.0 20.0 65.46129954674578
9.0 20.0 64.94903979509851
10.0 20.0 64.42098714435153
11.0 20.0 63.87466537663939
12.0 20.0 63.30878361863379
13.0 20.0 62.72331965586551
14.0 20.0 62.11952113079729
15.0 20.0 61.499824534551564
16.0 20.0 60.867697230166215
17.0 20.0 60.227412732815964
18.0 20.0 59.58377379698524
19.0 20.0 58.941801242262144
20.0 20.0 58.30640866936687
21.0 20.0 57.682084132542556
22.0 20.0 57.07259938435291
23.0 20.0 56.48076552344325
24.0 20.0 55.908250870603965
25.0 20.0 55.35547286819551
26.0 20.0 54.821571003706
27.0 20.0 54.304462510451785
28.0 20.0 53.800977237100966
29.0 20.0 53.30706295005787
30.0 20.0 52.818047770912344
31.0 20.0 52.32894275060377
32.0 20.0 51.83476498236237
33.0 20.0 51.33086032524495
34.0 20.0 50.81320483534201
35.0 20.0 50.27866538086103
36.0 20.0 49.725202560963844
37.0 20.0 49.152002785224795
38.0 20.0 48.559530958837655
39.0 20.0 47.949500361054234
40.0 20.0 47.324761667717674
41.0 20.0 46.68911830577467
42.0 20.0 46.04708009911383
43.0 20.0 45.40357116193597
44.0 20.0 44.763610959241745
45.0 20.0 44.131989191985284
46.0 20.0 43.51295556442301
47.0 20.0 42.909944527277
48.0 20.0 42.32535282496577
49.0 20.0 41.76038425505774

0.0 21.0 68.8247785617594
1.0 21.0 68.28396497954867
2.0 21.0 67.76097311463947
3.0 21.0 67.25299925495565
4.0 21.0 66.75628056487513
5.0 21.0 66.26633422397542
6.0 21.0 65.77824525073532
7.0 21.0 65.28698329256669
8.0 21.0 64.78772740677333
9.0 21.0 64.27617757989647
10.0 21.0 63.748832695947925
11.0 21.0 63.20321688646104
12.0 21.0 62.63803956384311
13.0 21.0 62.053278748657846
14.0 21.0 61.45018227772889
15.0 21.0 60.831186803701826
16.0 21.0 60.199759824468025
17.0 21.0 59.56017496827711
18.0 21.0 58.9172350848132
19.0 21.0 58.27596107412279
20.0 21.0 57.6412666051731
21.0 21.0 57.01763979029573
22.0 21.0 56.40885243165813
23.0 21.0 55.81771567039566
24.0 21.0 55.24589786380284
25.0 21.0 54.69381648569001
26.0 21.0 54.16061105071346
27.0 21.0 53.64419881571902
28.0 21.0 53.141409649802725
29.0 21.0 52.648191337145434
30.0 21.0 52.15987201484078
31.0 21.0 51.67146274737854
32.0 21.0 51.1779806398561
33.0 21.0 50.67477156174355
34.0 21.0 50.157811578285845
35.0 21.0 49.62396756575259
36.0 21.0 49.071200130417786
37.0 21.0 48.49869568814011
38.0 21.0 47.90691914967476
39.0 21.0 47.29758379920257
40.0 21.0 46.67354031694128
41.0 21.0 46.038592133725444
42.0 21.0 45.39724907690332
43.0 21.0 44.75443526375813
44.0 21.0 44.11517016203995
45.0 21.0 43.484243475158095
46.0 21.0 42.86590490956367
47.0 21.0 42.26358891794253
48.0 21.0 41.67969224647198
49.0 21.0 41.11541869429706

0.0 22.0 68.14402384339562
1.0 22.0 67.60389786864775
2.0 22.0 67.08158380393915
3.0 22.0 66.57428007718586
4.0 22.0 66.07822540608745
5.0 22.0 65.5889381417691
6.0 22.0 65.1015042084539
7.0 22.0 64.61089396596105
8.0 22.0 64.1122870391667
9.0 22.0 63.6013838713967
10.0 22.0 63.07468371737686
11.0 22.0 62.52971101167002
12.0 22.0 61.965175415957916
13.0 22.0 61.381055157028136
14.0 22.0 60.778598243199
15.0 22.0 60.16024147041328
16.0 22.0 59.529452456831116
17.0 22.0 58.890504932063195
18.0 22.0 58.24820183155338
19.0 22.0 57.607564128175255
20.0 22.0 56.97350555295613
21.0 22.0 56.350514271287096
22.0 22.0 55.74236213084207
23.0 22.0 55.15186031190123
24.0 22.0 54.58067720552728
25.0 22.0 54.029230314739266
26.0 22.0 53.4966591795236
27.0 22.0 52.98088107874673
28.0 22.0 52.478725900693306
29.0 22.0 51.986141446302675
30.0 22.0 51.498455867336006
31.0 22.0 51.010680241147035
32.0 22.0 50.51783168413755
33.0 22.0 50.01525607573024
34.0 22.0 49.49892948994845
35.0 22.0 48.965718810817776
36.0 22.0 48.41358465147633
37.0 22.0 47.84171343386717
38.0 22.0 47.250570074146964
39.0 22.0 46.64186786129864
40.0 22.0 46.018457479815254
41.0 22.0 45.384142364342594
42.0 22.0 44.74343234563091
43.0 22.0 44.10125154400369
44.0 22.0 43.46261942993128
45.0 22.0 42.83232570925958
46.0 22.0 42.21462009062451
47.0 22.0 41.61293702867293
48.0 22.0 41.02967327134401
49.0 22.0 40.46603261936708

0.0 23.0 67.46212570103131
1.0 23.0 66.92262680734723
2.0 23.0 66.40093135452814
3.0 23.0 65.89423960204407
4.0 23.0 65.39879159064327
5.0 23.0 64.91010666860446
6.0 23.0 64.42327153248425
7.0 23.0 63.93325715163506
8.0 23.0 63.43524363863829
9.0 23.0 62.92493183122251
10.0 23.0 62.39882130583224
11.0 23.0 61.85443676138047
12.0 23.0 61.29048807814096
13.0 23.0 60.70695366467669
14.0 23.0 60.10508168123725
15.0 23.0 59.487309051346024
16.0 23.0 58.85710350075895
17.0 23.0 58.2187388501936
18.0 23.0 57.57701811252977
19.0 23.0 56.93696232669104
20.0 23.0 56.30348528023183
21.0 23.0 55.68107518707411
22.0 23.0 55.07350393668302
23.0 23.0 54.483582745429544
24.0 23.0 53.9129800356293
25.0 23.0 53.362113337435375
26.0 23.0 52.83012221445064
27.0 23.0 52.31492396614533
28.0 23.0 51.81334849882029
29.0 23.0 51.32134362920269
30.0 23.0 50.83423752291755
31.0 23.0 50.34704126951725
32.0 23.0 49.85477199615748
33.0 23.0 49.35277559175864
34.0 23.0 48.83702813874696
35.0 23.0 48.304396528594935
36.0 23.0 47.75284138105096
37.0 23.0 47.18154912393487
38.0 23.0 46.590984678635756
39.0 23.0 45.98286133880194
40.0 23.0 45.36002979309195
41.0 23.0 44.72629347987564
42.0 23.0 44.08616223323682
43.0 23.0 43.44456017648663
44.0 23.0 42.80650678277614
45.0 23.0 42.17679176035921
46.0 23.0 41.559664820037014
47.0 23.0 40.95856041840546
48.0 23.0 40.37587530515974
49.0 23.0 39.81281328261282

0.0 24.0 66.77916719091826
1.0 24.0 66.24024263407021
2.0 24.0 65.71911418507548
3.0 24.0 65.21298367470231
4.0 24.0 64.71809227403051
5.0 24.0 64.22996018275046
6.0 24.0 63.74367475800342
7.0 24.0 63.254207492121694
8.0 24.0 62.7567389178133
9.0 24.0 62.24697021408732
10.0 24.0 61.72140123709945
11.0 24.0 61.177556916715716
12.0 24.0 60.61414732511967
13.0 24.0 60.0311510312349
14.0 24.0 59.4298163299823
15.0 24.0 58.81258025849948
16.0 24.0 58.18291063879505
17.0 24.0 57.54508137344898
18.0 24.0 56.90389554521851
19.0 24.0 56.264374252878596
20.0 24.0 55.63143133541312
21.0 24.0 55.009555051071686
22.0 24.0 54.4025173276368
23.0 24.0 53.81312941469265
24.0 24.0 53.24305976341951
25.0 24.0 52.69272592911868
26.0 24.0 52.16126749735581
27.0 24.0 51.64660178682579
28.0 24.0 51.14555872069421
29.0 24.0 50.65408613051379
30.0 24.0 50.16751219496868
31.0 24.0 49.680848015136604
32.0 24.0 49.189110728363744
33.0 24.0 48.68764623259671
34.0 24.0 48.1724306182704
35.0 24.0 47.64033078397466
36.0 24.0 47.08930735579316
37.0 24.0 46.51854676719333
38.0 24.0 45.928513944606145
39.0 24.0 45.32092218618739
40.0 24.0 44.698622184630615
41.0 24.0 44.06541738192249
42.0 24.0 43.425817615392724
43.0 24.0 42.78474701126903
44.0 24.0 42.147225045326046
45.0 24.0 41.518041428180275
46.0 24.0 40.90144587276278
47.0 24.0 40.30087283759145
48.0 24.0 39.71871907409755
49.0 24.0 39.15618838616362

0.0 25.0 66.09520037554603
1.0 25.0 65.55680391365792
2.0 25.0 65.03619722161372
3.0 25.0 64.53058347129925
4.0 25.0 64.0362047965208
5.0 25.0 63.54858212261756
6.0 25.0 63.06280337112321
7.0 25.0 62.57384048278669
8.0 25.0 62.07687435206101
9.0 25.0 61.567606453154234
10.0 25.0 61.0425368853131
11.0 25.0 60.499190780083154
12.0 25.0 59.93627837803348
13.0 25.0 59.35377838945374
14.0 25.0 58.7529392285316
15.0 25.0 58.13619803347517
16.0 25.0 57.507022712292866
17.0 25.0 56.86968724101723
18.0 25.0 56.228994765362046
19.0 25.0 55.589966438240594
20.0 25.0 54.95751614533666
21.0 25.0 54.33613218530161
22.0 25.0 53.72958652096831
23.0 25.0 53.14069043240935
24.0 25.0 52.571112397391964
25.0 25.0 52.02126999445813
26.0 25.0 51.490302829535736
27.0 25.0 50.97612823919926
28.0 25.0 50.475576162347
29.0 25.0 49.984594444403214
30.0 25.0 49.4985112763064
31.0 25.0 49.012337769979965
32.0 25.0 48.52109107238628
33.0 25.0 48.02011709001265
34.0 25.0 47.505391920891924
35.0 25.0 46.973782470384
36.0 25.0 46.423249370614045
37.0 25.0 45.8529790604488
38.0 25.0 45.263436471151444
39.0 25.0 44.656334905208226
40.0 25.0 44.0345250591987
41.0 25.0 43.40181037860097
42.0 25.0 42.76270070388557
43.0 25.0 42.122120164108885
44.0 25.0 41.48508823759593
45.0 25.0 40.8563946372652
46.0 25.0 40.24028907812766
47.0 25.0 39.640206020582326
48.0 25.0 39.05854221776346
49.0 25.0 38.49650147509674

0.0 26.0 65.4103148824216
1.0 26.0 64.87240564827711
2.0 26.0 64.35228069612182
3.0 26.0 63.84714434317432
4.0 26.0 63.35323954440169
5.0 26.0 62.86608784476885
6.0 26.0 62.380777649009225
7.0 26.0 61.892281283154986
8.0 26.0 61.3957799537598
9.0 26.0 60.886975390849756
10.0 26.0 60.36236790529769
11.0 26.0 59.819482805033765
12.0 26.0 59.25703047856804
13.0 26.0 58.67498976095199
14.0 26.0 58.07460917209547
15.0 26.0 57.4583259401836
16.0 26.0 56.8296080501048
17.0 26.0 56.19272954382067
18.0 26.0 55.55249362377482
19.0 26.0 54.9139214918498
20.0 26.0 54.281927076125896
21.0 26.0 53.66099871206414
22.0 26.0 53.0549083945419
23.0 26.0 52.46646743159887
24.0 26.0 51.89734432547009
25.0 26.0 51.34795667615322
26.0 26.0 50.817444108432255
27.0 26.0 50.303723975488126
28.0 26.0 49.80362623087404
29.0 26.0 49.31309873297213
30.0 26.0 48.827469684199556
31.0 26.0 48.341750206666376
32.0 26.0 47.850957456390525
33.0 26.0 47.35043734792278
34.0 26.0 46.836165986487444
35.0 26.0 46.30501028386809
36.0 26.0 45.75493087793616
37.0 26.0 45.18511421270604
38.0 26.0 44.5960252240586
39.0 26.0 43.98937721862791
40.0 26.0 43.368020896723934
41.0 26.0 42.73575970718401
42.0 26.0 42.09710349350712
43.0 26.0 41.45697638748307
44.0 26.0 40.820397869906685
45.0 26.0 40.19215765593045
46.0 26.0 39.57650546258808
47.0 26.0 38.97687575211185
48.0 26.0 38.39566527929911
49.0 26.0 37.834077851085645

0.0 27.0 64.72464525052463
1.0 27.0 64.18718686659489
2.0 27.0 63.667507965697965
3.0 27.0 63.162813857397246
4.0 27.0 62.66934820591233
5.0 27.0 62.18263309112491
6.0 27.0 61.69775733545615
7.0 27.0 61.209693598812954
8.0 27.0 60.7136233590778
9.0 27.0 60.20524856949123
10.0 27.0 59.681069726304045
11.0 27.0 59.13861229257808
12.0 27.0 58.57658678746914
13.0 27.0 57.994972156652594
14.0 27.0 57.395017014156004
15.0 27.0 56.779158668580514
16.0 27.0 56.15086517378965
17.0 27.0 55.51441063111707
18.0 27.0 54.874598294280794
19.0 27.0 54.23644940958056
20.0 27.0 53.60487794368491
21.0 27.0 52.984372265670416
22.0 27.0 52.37870439977364
23.0 27.0 51.79068567973897
24.0 27.0 51.221984630358996
25.0 27.0 50.67301887147135
26.0 27.0 50.14292804534683
27.0 27.0 49.62962952061068
28.0 27.0 49.129953264483106
29.0 27.0 48.63984714746317
30.0 27.0 48.154639382730046
31.0 27.0 47.66934110196897
32.0 27.0 47.178969469731285
33.0 27.0 46.67887040818496
34.0 27.0 46.16502002936418
35.0 27.0 45.6342852511496
36.0 27.0 45.08462671687949
37.0 27.0 44.51523087547672
38.0 27.0 43.92656266723513
39.0 27.0 43.32033540276143
40.0 27.0 42.69939978594625
41.0 27.0 42.06755926885812
42.0 27.0 41.42932369791528
43.0 27.0 40.789617207547835
44.0 27.0 40.15345928094122
45.0 27.0 39.5256396354147
46.0 27.0 38.910407989967794
47.0 27.0 38.31119880861805
48.0 27.0 37.73040884778559
49.0 27.0 37.169241915882594

0.0 28.0 64.03832863553889
1.0 28.0 63.50128857350153
2.0 28.0 62.98202373545399
3.0 28.0 62.477740310935246
4.0 28.0 61.98468258894735
5.0 28.0 61.49837311898992
6.0 28.0 61.01390108981287
7.0 28.0 60.52623945432768
8.0 28.0 60.03056992894176
9.0 28.0 59.522594663602064
10.0 28.0 58.99881431839649
11.0 28.0 58.45675449392899
12.0 28.0 57.895125825576166
13.0 28.0 57.31390735776116
14.0 28.0 56.71434778881634
15.0 28.0 56.09888449962375
16.0 28.0 55.47098560625652
17.0 28.0 54.834925263777606
18.0 28.0 54.195506772459915
19.0 28.0 53.55775141906301
20.0 28.0 52.92657320551714
21.0 28.0 52.306460531711714
22.0 28.0 51.701185448876146
23.0 28.0 51.11355931445743
24.0 28.0 50.54525067410869
25.0 28.0 49.99667716606644
26.0 28.0 49.466978448862704
27.0 28.0 48.954071905523
28.0 28.0 48.45478751604401
29.0 28.0 47.96507316228114
30.0 28.0 47.4802570675253
31.0 28.0 46.995350372480324
32.0 28.0 46.505370249754236
33.0 28.0 46.005662628723535
34.0 28.0 45.49220362788173
35.0 28.0 44.96186017090587
36.0 28.0 44.41259290634296
37.0 28.0 43.843588287802774
38.0 28.0 43.25531125980207
39.0 28.0 42.649475136757076
40.0 28.0 42.02893062599928
41.0 28.0 41.39748118270862
42.0 28.0 40.75963665612007
43.0 28.0 40.12032118321647
44.0 28.0 39.484554249499155
45.0 28.0 38.85712557439056
46.0 28.0 38.24228487880211
47.0 28.0 37.643466628490955
48.0 28.0 37.06306758146158
49.0 28.0 36.50229154757035

0.0 29.0 63.35145801385988
1.0 29.0 62.81480711904715
2.0 29.0 62.29592762589219
3.0 29.0 61.79202651773829
4.0 29.0 61.299348642262245
5.0 29.0 60.81341696665853
6.0 29.0 60.32932100463172
7.0 29.0 59.84203396880623
8.0 29.0 59.3467377871321
9.0 29.0 58.83913478426804
10.0 29.0 58.315725766123116
11.0 29.0 57.77403645602398
12.0 29.0 57.2127775933314
13.0 29.0 56.63192831107706
14.0 29.0 56.03273738346946
15.0 29.0 55.41764225664353
16.0 29.0 54.79011110300533
17.0 29.0 54.1544181264197
18.0 29.0 53.515366669572586
19.0 29.0 52.8779780561934
20.0 29.0 52.24716632052673
21.0 29.0 51.627419890780395
22.0 29.0 51.02251084306118
23.0 29.0 50.43525055672126
24.0 29.0 49.86730759674437
25.0 29.0 49.319099618461465
26.0 29.0 48.78976629555187
27.0 29.0 48.2772250244888
28.0 29.0 47.77830579722972
29.0 29.0 47.28895650628707
30.0 29.0 46.80450538446327
31.0 29.0 46.31996358096512
32.0 29.0 45.83034827601399
33.0 29.0 45.3310054058134
34.0 29.0 44.817911094987785
35.0 29.0 44.287932272727716
36.0 29.0 43.73902959254518
37.0 29.0 43.170389512526896
38.0 29.0 42.58247698123156
39.0 29.0 41.977005316729084
40.0 29.0 41.35682522965755
41.0 29.0 40.72574017819286
42.0 29.0 40.08826001428741
43.0 29.0 39.44930887739149
44.0 29.0 38.81390625524927
45.0 29.0 38.186841869323786
46.0 29.0 37.57236544238492
47.0 29.0 36.97391144188398
48.0 29.0 36.39387662737117
49.0 29.0 35.833464810114464

0.0 30.0 62.66407109710009
1.0 30.0 62.12778318354577
2.0 30.0 61.60926323465014
3.0 30.0 61.10571895072933
4.0 30.0 60.61339568006565
5.0 30.0 60.12781676227813
6.0 30.0 59.64407200006049
7.0 30.0 59.15713483681751
8.0 30.0 58.66218738855837
9.0 30.0 58.15493213546219
10.0 30.0 57.631870013488715
11.0 30.0 57.090526855667
12.0 30.0 56.52961349454834
13.0 30.0 55.949109142792096
14.0 30.0 55.3502626429854
15.0 30.0 54.73551150023749
16.0 30.0 54.108323938014244
17.0 30.0 53.47297420454184
18.0 30.0 52.834265681170265
19.0 30.0 52.197219725425995
20.0 30.0 51.566750401176755
21.0 30.0 50.947346162661155
22.0 30.0 50.3427791089149
23.0 30.0 49.75586063953257
24.0 30.0 49.18825933740697
25.0 30.0 48.640392873746165
26.0 30.0 48.11140093633267
27.0 30.0 47.59920093419052
28.0 30.0 47.100622870466495
29.0 30.0 46.61161464766567
30.0 30.0 46.12750450752907
31.0 30.0 45.643303607272
32.0 30.0 45.15402913430187
33.0 30.0 44.655027031279836
34.0 30.0 44.14227342864154
35.0 30.0 43.61263526081424
36.0 30.0 43.06407318603513
37.0 30.0 42.49577366666002
38.0 30.0 41.908201655109416
39.0 30.0 41.303070472950736
40.0 30.0 40.683230833993306
41.0 30.0 40.05248619929163
42.0 30.0 39.415346423413915
43.0 30.0 38.776735648189955
44.0 30.0 38.141673363530586
45.0 30.0 37.5149492928737
46.0 30.0 36.900813160790904
47.0 30.0 36.302699436378745
48.0 30.0 35.723004880691164
49.0 30.0 35.162933306371656

0.0 31.0 61.97617926768373
1.0 31.0 61.440230735769234
2.0 31.0 60.92204709227442
3.0 31.0 60.418836678778064
4.0 31.0 59.926845288917534
5.0 31.0 59.441596592611035
6.0 31.0 58.958180648533435
7.0 31.0 58.47157110453533
8.0 31.0 57.97695024340825
9.0 31.0 57.47002068350054
10.0 31.0 56.94728347656999
11.0 31.0 56.40626455357179
12.0 31.0 55.845674830469214
13.0 31.0 55.26549359139489
14.0 31.0 54.666969740488625
15.0 31.0 54.05254083610036
16.0 31.0 53.42567514792467
17.0 31.0 52.790646964466596
18.0 31.0 52.152259702280965
19.0 31.0 51.5155347497529
20.0 31.0 50.88538619787129
21.0 31.0 50.266302524770474
22.0 31.0 49.66205585058925
23.0 31.0 49.07545759360016
24.0 31.0 48.508176353262094
25.0 31.0 47.96062981550536
26.0 31.0 47.431957681220815
27.0 31.0 46.92007737112512
28.0 31.0 46.421818898812845
29.0 31.0 45.933130176140196
30.0 31.0 45.44933945323111
31.0 31.0 44.96545789482739
32.0 31.0 44.47650269510405
33.0 31.0 43.977819802816185
34.0 31.0 43.4653853538943
35.0 31.0 42.93606628772692
36.0 31.0 42.38782326703651
37.0 31.0 41.81984275823882
38.0 31.0 41.23258971743371
39.0 31.0 40.627777469526954
40.0 31.0 40.00825673136019
41.0 31.0 39.37783096674527
42.0 31.0 38.74101003276038
43.0 31.0 38.10271807352236
44.0 31.0 37.467974581028116
45.0 31.0 36.84156928062005
46.0 31.0 36.227751898610165
47.0 31.0 35.62995690568686
48.0 31.0 35.05058106436129
49.0 31.0 34.49082818861207

0.0 32.0 61.28780620454639
1.0 32.0 60.7521756891862
2.0 32.0 60.23430731686941
3.0 32.0 59.73140999883449
4.0 32.0 59.239729922978405
5.0 32.0 58.75479105112906
6.0 32.0 58.27168366813545
7.0 32.0 57.785381602639
8.0 32.0 57.29106728515235
9.0 32.0 56.784443456661464
10.0 32.0 56.262011271958414
11.0 32.0 55.72129674936415
12.0 32.0 55.16101087946776
13.0 32.0 54.58113301053025
14.0 32.0 53.98291210207875
15.0 32.0 53.368785760509695
16.0 32.0 52.74222229735578
17.0 32.0 52.10749603767841
18.0 32.0 51.469410430072394
19.0 32.0 50.832986891083756
20.0 32.0 50.20313953651744
21.0 32.0 49.58435686642941
22.0 32.0 48.98041102036733
23.0 32.0 48.39411343382476
24.0 32.0 47.82713272157142
25.0 32.0 47.279886583176356
26.0 32.0 46.751514731702116
27.0 32.0 46.23993459874676
28.0 32.0 45.74197620764923
29.0 32.0 45.25358747900587
30.0 32.0 44.77009667079222
31.0 32.0 44.286514954813974
32.0 32.0 43.79785953161052
33.0 32.0 43.29947635567896
34.0 32.0 42.787341568137265
35.0 32.0 42.25832211306647
36.0 32.0 41.71037865743912
37.0 32.0 41.142697671524985
38.0 32.0 40.55574411492282
39.0 32.0 39.95123131571852
40.0 32.0 39.332009993647276
41.0 32.0 38.701883615156504
42.0 32.0 38.06536203972744
43.0 32.0 37.42736941367016
44.0 32.0 36.79292523098522
45.0 32.0 36.166819218847216
46.0 32.0 35.55330110524503
47.0 32.0 34.95580536240318
48.0 32.0 34.37672875424117
49.0 32.0 33.81727509602992

0.0 33.0 60.59900375196983
1.0 33.0 60.063671827601155
2.0 33.0 59.54609958289394
3.0 33.0 59.04349643891065
4.0 33.0 58.5521089349742
5.0 33.0 58.067461292511325
6.0 33.0 57.58464399734584
7.0 33.0 57.0986310388177
8.0 33.0 56.60460497889286
9.0 33.0 56.098268667876106
10.0 33.0 55.57612335259703
11.0 33.0 55.035695129601805
12.0 33.0 54.47569505646606
13.0 33.0 53.89610253916506
14.0 33.0 53.29816658720608
15.0 33.0 52.684324850457614
16.0 33.0 52.05804567840812
17.0 33.0 51.423603429370786
18.0 33.0 50.785801581160065
19.0 33.0 50.149661576069846
20.0 33.0 49.52009755265171
21.0 33.0 48.90159803110473
22.0 33.0 48.297935168853755
23.0 33.0 47.711920417291694
24.0 33.0 47.14522240535656
25.0 33.0 46.598258845266834
26.0 33.0 46.07016946139858
27.0 33.0 45.55887169548585
28.0 33.0 45.06119557996341
29.0 33.0 44.57308904360283
30.0 33.0 44.08988035173844
31.0 33.0 43.60658068280947
32.0 33.0 43.11820724334338
33.0 33.0 42.62010599324992
34.0 33.0 42.108253078546014
35.0 33.0 41.579515447752165
36.0 33.0 41.03185377186894
37.0 33.0 40.46445452482505
38.0 33.0 39.877782669546775
39.0 33.0 39.27355153714937
40.0 33.0 38.65461185012893
41.0 33.0 38.02476707745169
42.0 33.0 37.388527080899124
43.0 33.0 36.750816008884
44.0 33.0 36.116653357330776
45.0 33.0 35.49082885517596
46.0 33.0 34.87759223202344
47.0 33.0 34.28037796157932
48.0 33.0 33.70158280912349
49.0 33.0 33.142410591176876

0.0 34.0 59.909837457261034
1.0 34.0 59.37478640725199
2.0 34.0 58.857492798362784
3.0 34.0 58.35516651713282
4.0 34.0 57.86405442163398
5.0 34.0 57.37968096767186
6.0 34.0 56.89713682201365
7.0 34.0 56.411396118487545
8.0 34.0 55.91764153722558
9.0 34.0 55.4115760268587
10.0 34.0 54.88970091709531
11.0 34.0 54.349542375033366
12.0 34.0 53.78981151877606
13.0 34.0 53.210487806554795
14.0 34.0 52.612820293228644
15.0 34.0 51.99924666820122
16.0 34.0 51.37323531555861
17.0 34.0 50.73906062399389
18.0 34.0 50.10152609807925
19.0 34.0 49.46565320374121
20.0 34.0 48.836356100456925
21.0 34.0 48.21812332699745
22.0 34.0 47.61472705730694
23.0 34.0 47.02897875750198
24.0 34.0 46.46254706966922
25.0 34.0 45.91584971779079
26.0 34.0 45.38802643678569
27.0 34.0 44.876994677852615
28.0 34.0 44.37958448193648
29.0 34.0 43.89174378547243
30.0 34.0 43.408800860706165
31.0 34.0 42.92576689231871
32.0 34.0 42.4376590924822
33.0 34.0 41.93982342621782
34.0 34.0 41.428236044176856
35.0 34.0 40.899763899086814
36.0 34.0 40.352367665771744
37.0 34.0 39.78523382163935
38.0 34.0 39.19882733278485
39.0 34.0 38.59486153321319
40.0 34.0 37.9761871480582
41.0 34.0 37.346607648696306
42.0 34.0 36.710632899113406
43.0 34.0 36.073187049740376
44.0 34.0 35.43928959835096
45.0 34.0 34.813730275577704
46.0 34.0 34.200758812581384
47.0 34.0 33.603809684498444
48.0 34.0 33.02527965792389
49.0 34.0 32.46637255058884

0.0 35.0 59.22035935543966
1.0 35.0 58.68557298885295
2.0 35.0 58.1685420052084
3.0 35.0 57.666476723820196
4.0 35.0 57.17562429656887
5.0 35.0 56.69150939388672
6.0 35.0 56.20922284748269
7.0 35.0 55.723738922520695
8.0 35.0 55.230240406380744
9.0 35.0 54.72443033689142
10.0 35.0 54.20281011896538
11.0 35.0 53.662905983771374
12.0 35.0 53.10342910444669
13.0 35.0 52.52435898680707
14.0 35.0 51.92694472707902
15.0 35.0 51.313624050794076
16.0 35.0 50.68786537371529
17.0 35.0 50.05394311240637
18.0 35.0 49.41666079603681
19.0 35.0 48.781039912302035
20.0 35.0 48.15199463999376
21.0 35.0 47.53401353506023
22.0 35.0 46.930868786755056
23.0 35.0 46.34537187486737
24.0 35.0 45.77919145371788
25.0 35.0 45.232745258255434
26.0 35.0 44.70517303324653
27.0 35.0 44.19439223874683
28.0 35.0 43.69723292367975
29.0 35.0 43.20964303167837
30.0 35.0 42.726950841491416
31.0 35.0 42.244167543683204
32.0 35.0 41.75631035575559
33.0 35.0 41.25872524756414
34.0 35.0 40.74738837415063
35.0 35.0 40.219166692234694
36.0 35.0 39.672020880274495
37.0 35.0 39.10513741898957
38.0 35.0 38.51898127749659
39.0 35.0 37.915265792559914
40.0 35.0 37.29684169183598
41.0 35.0 36.66751244900966
42.0 35.0 36.03178793018129
43.0 35.0 35.39459228772034
44.0 35.0 34.76094502117945
45.0 35.0 34.135635862825
46.0 35.0 33.52291454531959
47.0 35.0 32.926215545181336
48.0 35.0 32.347935630277355
49.0 35.0 31.789278619510952

0.0 36.0 58.53059290467047
1.0 36.0 57.99605639611522
2.0 36.0 57.479273372336145
3.0 36.0 56.97745455635585
4.0 36.0 56.486847371875584
5.0 36.0 56.00297668661044
6.0 36.0 55.52093348317973
7.0 36.0 55.03569214654648
8.0 36.0 54.54243556174869
9.0 36.0 54.03686684777776
10.0 36.0 53.51548747797854
11.0 36.0 52.97582374185571
12.0 36.0 52.416586862704975
13.0 36.0 51.837756389767385
14.0 36.0 51.2405814570784
15.0 36.0 50.62749982324499
16.0 36.0 50.001979933082154
17.0 36.0 49.36829622876178
18.0 36.0 48.73125226209664
19.0 36.0 48.095869540859994
20.0 36.0 47.467062261692064
21.0 36.0 46.849318996444815
22.0 36.0 46.24641194857342
23.0 36.0 45.66115261057419
24.0 36.0 45.0952096481594
25.0 36.0 44.549000806508225
26.0 36.0 44.02166583959021
27.0 36.0 43.51112221575327
28.0 36.0 43.01419999140378
29.0 36.0 42.52684711693745
30.0 36.0 42.04439187722322
31.0 36.0 41.56184546837167
32.0 36.0 41.074225112917354
33.0 36.0 40.576876785288235
34.0 36.0 40.06577664468529
35.0 36.0 39.537791651615926
36.0 36.0 38.99088248799167
37.0 36.0 38.424235637684006
38.0 36.0 37.8383160726895
39.0 36.0 37.23483713240645
40.0 36.0 36.61664954690275
41.0 36.0 35.987556792073136
42.0 36.0 35.35206873604496
43.0 36.0 34.715109533048654
44.0 36.0 34.08169868434689
45.0 36.0 33.456625923778745
46.0 36.0 32.844140985454416
47.0 36.0 32.24767834722551
48.0 36.0 31.66963477818851
49.0 36.0 31.111214098380962

0.0 37.0 57.84054135959421
1.0 37.0 57.306241099725696
2.0 37.0 56.789692583228145
3.0 37.0 56.28810690580331
4.0 37.0 55.79773174057311
5.0 37.0 55.31409213543446
6.0 37.0 54.83227921038933
7.0 37.0 54.34726745924615
8.0 37.0 53.85423985568893
9.0 37.0 53.34889959237287
10.0 37.0 52.82774820478225
11.0 37.0 52.288312035442694
12.0 37.0 51.72930235329579
13.0 37.0 51.15069874716012
14.0 37.0 50.55375038558713
15.0 37.0 49.94089505743197
16.0 37.0 49.315601234127385
17.0 37.0 48.68214338135218
18.0 37.0 48.0453250717443
19.0 37.0 47.410167831578384
20.0 37.0 46.78158587397331
21.0 37.0 46.16406778549239
22.0 37.0 45.56138578275248
23.0 37.0 44.97635137004872
24.0 37.0 44.410633223690134
25.0 37.0 43.86464909838986
26.0 37.0 43.33753875670938
27.0 37.0 42.82721967475181
28.0 37.0 42.33052191593408
29.0 37.0 41.84339343699829
30.0 37.0 41.36116252856649
31.0 37.0 40.878840391971416
32.0 37.0 40.39144425449383
33.0 37.0 39.894320094880634
34.0 37.0 39.383444076267544
35.0 37.0 38.85568316275075
36.0 37.0 38.308998039518684
37.0 37.0 37.7425751934381
38.0 37.0 37.156879599246196
39.0 37.0 36.55362459885151
40.0 37.0 35.93566092462331
41.0 37.0 35.306792054568206
42.0 37.0 34.671527858753294
43.0 37.0 34.034792493192285
44.0 37.0 33.401605460788616
45.0 37.0 32.77675649689234
46.0 37.0 32.164495337006166
47.0 37.0 31.568256460266106
48.0 37.0 30.990436636954257
49.0 37.0 30.43223968820334

0.0 38.0 57.1502092423337
1.0 38.0 56.61613270210229
2.0 38.0 56.099806317151405
3.0 38.0 55.598441523343624
4.0 38.0 55.10828622057033
5.0 38.0 54.624865620077614
6.0 38.0 54.14327096619375
7.0 38.0 53.65847685114752
8.0 38.0 53.165666328775856
9.0 38.0 52.66054265837806
10.0 38.0 52.13960743171376
11.0 38.0 51.60038703939068
12.0 38.0 51.041592791809876
13.0 38.0 50.46320431380016
14.0 38.0 49.866470805376046
15.0 38.0 49.253830083018315
16.0 38.0 48.628750642517204
17.0 38.0 47.99550697110495
18.0 38.0 47.358902660551834
19.0 38.0 46.72395925416337
20.0 38.0 46.09559098025707
21.0 38.0 45.47828643899101
22.0 38.0 44.87581785916797
23.0 38.0 44.29099675602757
24.0 38.0 43.72549181572649
25.0 38.0 43.17972080185381
26.0 38.0 42.65282348498417
27.0 38.0 42.14271734846607
28.0 38.0 41.646232462277275
29.0 38.0 41.159316789109106
30.0 38.0 40.67729862498553
31.0 38.0 40.195189176150535
32.0 38.0 39.70800567435557
33.0 38.0 39.211094102422024
34.0 38.0 38.70043062720326
35.0 38.0 38.17288221619135
36.0 38.0 37.62640955767993
37.0 38.0 37.060199141378185
38.0 38.0 36.4747159446278
39.0 38.0 35.871673311726084
40.0 38.0 35.253921977235294
41.0 38.0 34.62526542117717
42.0 38.0 33.990213515472135
43.0 38.0 33.35369041783987
44.0 38.0 32.720715632755514
45.0 38.0 32.096078897018224
46.0 38.0 31.484029947467945
47.0 38.0 30.88800326447555
48.0 38.0 30.31039561946436
49.0 38.0 29.752410834622566

0.0 39.0 56.45961710783115
1.0 39.0 55.925752723770884
2.0 39.0 55.409637044676344
3.0 39.0 54.908481817204304
4.0 39.0 54.41853514769616
5.0 39.0 53.93532239571502
6.0 39.0 53.4539349182858
7.0 39.0 52.96934739678232
8.0 39.0 52.476742957638024
9.0 39.0 51.97182492054613
10.0 39.0 51.45109492831337
11.0 39.0 50.912079415218614
12.0 39.0 50.353489729375966
13.0 39.0 49.775305528425086
14.0 39.0 49.17877604109903
15.0 39.0 48.56633910914087
16.0 39.0 47.94146325065658
17.0 39.0 47.308422972662626
18.0 39.0 46.6720218845246
19.0 39.0 46.03728154524049
20.0 39.0 45.4091161971584
21.0 39.0 44.79201445300973
22.0 39.0 44.189748552888275
23.0 39.0 43.60513002219284
24.0 39.0 43.03982755623731
25.0 39.0 42.49425892687885
26.0 39.0 41.96756391216927
27.0 39.0 41.45766000222922
28.0 39.0 40.96137727317883
29.0 39.0 40.47466369328827
30.0 39.0 39.992847563655104
31.0 39.0 39.510940095143255
32.0 39.0 39.023958523716104
33.0 39.0 38.5272488360394
34.0 39.0 38.016787202479385
35.0 39.0 37.48944059374152
36.0 39.0 36.94316970106199
37.0 39.0 36.377161016847204
38.0 39.0 35.79187952091365
39.0 39.0 35.1890385598315
40.0 39.0 34.57148887025237
41.0 39.0 33.94303393412033
42.0 39.0 33.30818362512606
43.0 39.0 32.67186210262079
44.0 39.0 32.03908887258461
45.0 39.0 31.41465367320596
46.0 39.0 30.80280624260829
47.0 39.0 30.206981062349172
48.0 39.0 29.62957490494989
49.0 39.0 29.07179159361523

